	0.010000	3.669395
	1.010000	3.671237
	2.010000	3.672803
	3.010000	3.674407
	4.010000	3.675709
	5.010000	3.675996
	6.010000	3.674160
	7.010000	3.669740
	8.010000	3.662001
	9.010000	3.650746
	10.010000	3.635827
	11.010000	3.616823
	12.010000	3.578033
	13.010000	3.573396
	14.010000	3.545646
	15.010000	3.512862
	16.010000	3.476410
	17.010000	3.437367
	18.010000	3.395775
	19.010000	3.352250
	20.010000	3.306949
	21.010000	3.260446
	22.010000	3.213224
	23.010000	3.165924
	24.010000	3.118770
	25.010000	3.072443
	26.010000	3.026871
	27.010000	2.981635
	28.010000	2.936141
	29.010000	2.889674
	30.010000	2.842035
	31.010000	2.792968
	32.010000	2.742358
	33.010000	2.690439
	34.010000	2.636812
	35.010000	2.582169
	36.010000	2.526567
	37.010000	2.470144
	38.010000	2.413151
	39.010000	2.355547
	40.010000	2.297890
	41.010000	2.240087
	42.010000	2.182265
	43.010000	2.124862
	44.010000	2.067691
	45.010000	2.011177
	46.010000	1.955453
	47.010000	1.899317
	48.010000	1.843629
	49.010000	1.790389
	50.010000	1.738484
	51.010000	1.688102
	52.010000	1.639493
	53.010000	1.592899
	54.010000	1.548235
	55.010000	1.505931
	56.010000	1.465804
	57.010000	1.428083
	58.010000	1.392711
	59.010000	1.359858
	60.010000	1.329102
	61.010000	1.300848
	62.010000	1.274876
	63.010000	1.251087
	64.010000	1.229180
	65.010000	1.209255
	66.010000	1.191289
	67.010000	1.175088
	68.010000	1.160520
	69.010000	1.147625
	70.010000	1.136201
	71.010000	1.126241
	72.010000	1.117490
	73.010000	1.109841
	74.010000	1.103495
	75.010000	1.098212
	76.010000	1.093857
	77.010000	1.090342
	78.010000	1.087628
	79.010000	1.085597
	80.010000	1.084240
	81.010000	1.083491
	82.010000	1.083176
	83.010000	1.083410
	84.010000	1.084012
	85.010000	1.085096
	86.010000	1.086492
	87.010000	1.088295
	88.010000	1.090502
	89.010000	1.093041
	90.010000	1.095804
	91.010000	1.098785
	92.010000	1.102059
	93.010000	1.105447
	94.010000	1.109128
	95.010000	1.113174
	96.010000	1.117330
	97.010000	1.121464
	98.010000	1.125900
	99.010000	1.130378
	100.010000	1.135045
	101.010000	1.139869
