	0,010000	3,470388
	1,010000	3,476475
	2,010000	3,482392
	3,010000	3,488585
	4,010000	3,494323
	5,010000	3,499999
	6,010000	3,505191
	7,010000	3,509682
	8,010000	3,513174
	9,010000	3,515466
	10,010000	3,516136
	11,010000	3,515348
	12,010000	3,512595
	13,010000	3,507723
	14,010000	3,500937
	15,010000	3,492006
	16,010000	3,480634
	17,010000	3,467362
	18,010000	3,451746
	19,010000	3,433858
	20,010000	3,414304
	21,010000	3,392647
	22,010000	3,368667
	23,010000	3,342789
	24,010000	3,315056
	25,010000	3,285728
	26,010000	3,254688
	27,010000	3,221855
	28,010000	3,187434
	29,010000	3,151408
	30,010000	3,114038
	31,010000	3,075226
	32,010000	3,034884
	33,010000	2,993478
	34,010000	2,951311
	35,010000	2,908307
	36,010000	2,864515
	37,010000	2,819871
	38,010000	2,774641
	39,010000	2,728740
	40,010000	2,682361
	41,010000	2,635543
	42,010000	2,588646
	43,010000	2,541616
	44,010000	2,494381
	45,010000	2,447205
	46,010000	2,400227
	47,010000	2,353340
	48,010000	2,307124
	49,010000	2,261340
	50,010000	2,215934
	51,010000	2,171183
	52,010000	2,126890
	53,010000	2,083254
	54,010000	2,040325
	55,010000	1,998246
	56,010000	1,956677
	57,010000	1,915766
	58,010000	1,875541
	59,010000	1,835857
	60,010000	1,796697
	61,010000	1,758181
	62,010000	1,720154
	63,010000	1,682891
	64,010000	1,646722
	65,010000	1,611034
	66,010000	1,576372
	67,010000	1,542260
	68,010000	1,509150
	69,010000	1,476597
	70,010000	1,444994
	71,010000	1,414228
	72,010000	1,383881
	73,010000	1,354358
	74,010000	1,325271
	75,010000	1,297473
	76,010000	1,270000
	77,010000	1,243553
	78,010000	1,217597
	79,010000	1,192389
	80,010000	1,167582
	81,010000	1,143459
	82,010000	1,119781
	83,010000	1,096836
	84,010000	1,074105
	85,010000	1,052178
	86,010000	1,030841
	87,010000	1,010069
	88,010000	0,990040
	89,010000	0,970353
	90,010000	0,951186
	91,010000	0,932644
	92,010000	0,914724
	93,010000	0,897142
	94,010000	0,873142
	95,010000	0,831785
	96,010000	0,846470
	97,010000	0,830512
	98,010000	0,815160
	99,010000	0,800215
	100,010000	0,785663
	101,010000	0,771411
	102,010000	0,757572
	103,010000	0,744137
	104,010000	0,730952
	105,010000	0,718285
	106,010000	0,706151
	107,010000	0,694682
	108,010000	0,683779
	109,010000	0,673673
	110,010000	0,664153
	111,010000	0,655665
	112,010000	0,648065
	113,010000	0,641374
	114,010000	0,635486
	115,010000	0,630373
	116,010000	0,626204
	117,010000	0,622692
	118,010000	0,619899
	119,010000	0,617800
	120,010000	0,616420
	121,010000	0,615649
	122,010000	0,615333
	123,010000	0,615580
	124,010000	0,616033
	125,010000	0,616882
	126,010000	0,617943
	127,010000	0,618978
	128,010000	0,619964
	129,010000	0,620651
	130,010000	0,621052
	131,010000	0,621120
	132,010000	0,620918
	133,010000	0,620456
	134,010000	0,619421
	135,010000	0,618051
	136,010000	0,616375
	137,010000	0,614399
	138,010000	0,612020
	139,010000	0,609364
	140,010000	0,606500
	141,010000	0,603525
	142,010000	0,600524
	143,010000	0,597615
	144,010000	0,595037
	145,010000	0,592762
	146,010000	0,590598
	147,010000	0,588827
	148,010000	0,587496
	149,010000	0,586633
	150,010000	0,586282
	151,010000	0,586308
	152,010000	0,586894
	153,010000	0,587776
	154,010000	0,589058
	155,010000	0,590614
	156,010000	0,592362
	157,010000	0,594324
	158,010000	0,596225
	159,010000	0,598044
	160,010000	0,599652
	161,010000	0,601081
	162,010000	0,602259
	163,010000	0,603073
	164,010000	0,603629
	165,010000	0,603535
	166,010000	0,603203
	167,010000	0,602415
	168,010000	0,601250
	169,010000	0,599727
	170,010000	0,597969
	171,010000	0,596078
	172,010000	0,594061
	173,010000	0,591932
	174,010000	0,589859
	175,010000	0,587834
	176,010000	0,586028
	177,010000	0,584339
	178,010000	0,583128
	179,010000	0,581976
	180,010000	0,581305
	181,010000	0,580895
	182,010000	0,580824
	183,010000	0,581169
	184,010000	0,581800
	185,010000	0,582884
	186,010000	0,584121
	187,010000	0,585589
	188,010000	0,587131
	189,010000	0,588785
	190,010000	0,590568
	191,010000	0,592212
	192,010000	0,593735
	193,010000	0,595089
	194,010000	0,596436
	195,010000	0,597240
	196,010000	0,597940
	197,010000	0,598074
	198,010000	0,597755
	199,010000	0,597032
	200,010000	0,596091
	201,010000	0,594904
	202,010000	0,593289
	203,010000	0,591594
	204,010000	0,590048
	205,010000	0,588310
	206,010000	0,586500
	207,010000	0,584951
	208,010000	0,583558
	209,010000	0,582373
	210,010000	0,581247
	211,010000	0,580612
	212,010000	0,580082
	213,010000	0,579913
	214,010000	0,580300
	215,010000	0,580765
	216,010000	0,581693
	217,010000	0,582803
	218,010000	0,584215
	219,010000	0,585670
	220,010000	0,587343
	221,010000	0,589039
	222,010000	0,590851
	223,010000	0,592576
	224,010000	0,593826
	225,010000	0,595063
	226,010000	0,596020
	227,010000	0,596625
	228,010000	0,596895
	229,010000	0,596876
	230,010000	0,596554
	231,010000	0,595955
	232,010000	0,595157
	233,010000	0,594116
	234,010000	0,592938
	235,010000	0,591551
	236,010000	0,590184
	237,010000	0,588655
	238,010000	0,587209
	239,010000	0,585742
	240,010000	0,584466
	241,010000	0,583421
	242,010000	0,582715
	243,010000	0,582236
	244,010000	0,582308
	245,010000	0,582614
	246,010000	0,583180
	247,010000	0,584121
	248,010000	0,585283
	249,010000	0,586689
	250,010000	0,588209
	251,010000	0,589865
	252,010000	0,591659
	253,010000	0,593442
	254,010000	0,594923
	255,010000	0,596541
	256,010000	0,597810
	257,010000	0,598816
	258,010000	0,599646
	259,010000	0,600091
	260,010000	0,600365
	261,010000	0,600355
	262,010000	0,599681
	263,010000	0,598835
	264,010000	0,597667
	265,010000	0,596505
	266,010000	0,595102
	267,010000	0,593683
	268,010000	0,591955
	269,010000	0,590422
	270,010000	0,588759
	271,010000	0,587444
	272,010000	0,586139
	273,010000	0,585061
	274,010000	0,584150
	275,010000	0,583688
	276,010000	0,583249
	277,010000	0,583333
	278,010000	0,583502
	279,010000	0,584046
	280,010000	0,584912
	281,010000	0,585901
	282,010000	0,587053
	283,010000	0,588358
	284,010000	0,589693
	285,010000	0,591076
	286,010000	0,592339
	287,010000	0,593419
	288,010000	0,594253
	289,010