	0,010000	3,226806
	1,010000	3,232960
	2,010000	3,238897
	3,010000	3,244664
	4,010000	3,250386
	5,010000	3,256140
	6,010000	3,261745
	7,010000	3,267346
	8,010000	3,272863
	9,010000	3,277800
	10,010000	3,282200
	11,010000	3,285435
	12,010000	3,286932
	13,010000	3,286851
	14,010000	3,284869
	15,010000	3,280677
	16,010000	3,273904
	17,010000	3,264687
	18,010000	3,253204
	19,010000	3,239284
	20,010000	3,222767
	21,010000	3,203772
	22,010000	3,182480
	23,010000	3,159112
	24,010000	3,133332
	25,010000	3,105481
	26,010000	3,075743
	27,010000	3,043942
	28,010000	3,010276
	29,010000	2,974881
	30,010000	2,937986
	31,010000	2,899562
	32,010000	2,860008
	33,010000	2,818956
	34,010000	2,776913
	35,010000	2,733707
	36,010000	2,689753
	37,010000	2,644919
	38,010000	2,599507
	39,010000	2,553610
	40,010000	2,507533
	41,010000	2,460891
	42,010000	2,414232
	43,010000	2,367283
	44,010000	2,320494
	45,010000	2,273962
	46,010000	2,227479
	47,010000	2,181454
	48,010000	2,135808
	49,010000	2,090708
	50,010000	2,046089
	51,010000	2,002018
	52,010000	1,958562
	53,010000	1,915733
	54,010000	1,873771
	55,010000	1,832456
	56,010000	1,792111
	57,010000	1,752271
	58,010000	1,713218
	59,010000	1,675083
	60,010000	1,637651
	61,010000	1,601069
	62,010000	1,565026
	63,010000	1,529746
	64,010000	1,495399
	65,010000	1,462013
	66,010000	1,429424
	67,010000	1,397668
	68,010000	1,366602
	69,010000	1,336282
	70,010000	1,306772
	71,010000	1,278003
	72,010000	1,250072
	73,010000	1,223019
	74,010000	1,196480
	75,010000	1,170697
	76,010000	1,145630
	77,010000	1,120927
	78,010000	1,097089
	79,010000	1,073701
	80,010000	1,051049
	81,010000	1,028917
	82,010000	1,007225
	83,010000	0,986365
	84,010000	0,965959
	85,010000	0,946209
	86,010000	0,927072
	87,010000	0,908292
	88,010000	0,890024
	89,010000	0,872553
	90,010000	0,855319
	91,010000	0,838535
	92,010000	0,822239
	93,010000	0,806382
	94,010000	0,790903
	95,010000	0,776062
	96,010000	0,761344
	97,010000	0,747017
	98,010000	0,732947
	99,010000	0,719369
	100,010000	0,706051
	101,010000	0,693211
	102,010000	0,680534
	103,010000	0,668322
	104,010000	0,656358
	105,010000	0,644804
	106,010000	0,633507
	107,010000	0,622506
	108,010000	0,611877
	109,010000	0,601410
	110,010000	0,591424
	111,010000	0,581927
	112,010000	0,572681
	113,010000	0,563818
	114,010000	0,555499
	115,010000	0,547724
	116,010000	0,540332
	117,010000	0,533781
	118,010000	0,527688
	119,010000	0,522100
	120,010000	0,517309
	121,010000	0,513211
	122,010000	0,509752
	123,010000	0,506848
	124,010000	0,504551
	125,010000	0,502712
	126,010000	0,501312
	127,010000	0,500499
	128,010000	0,499893
	129,010000	0,499620
	130,010000	0,499643
	131,010000	0,499851
	132,010000	0,500199
	133,010000	0,500814
	134,010000	0,501371
	135,010000	0,502217
	136,010000	0,502995
	137,010000	0,503701
	138,010000	0,504466
	139,010000	0,504922
	140,010000	0,504990
	141,010000	0,505055
	142,010000	0,504866
	143,010000	0,504453
	144,010000	0,503779
	145,010000	0,503180
	146,010000	0,502344
	147,010000	0,501407
	148,010000	0,500365
	149,010000	0,499154
	150,010000	0,497859
	151,010000	0,496433
	152,010000	0,495083
	153,010000	0,493716
	154,010000	0,492333
	155,010000	0,491073
	156,010000	0,489823
	157,010000	0,488691
	158,010000	0,487672
	159,010000	0,486809
	160,010000	0,486103
	161,010000	0,485455
	162,010000	0,484928
	163,010000	0,484661
	164,010000	0,484612
	165,010000	0,484551
	166,010000	0,484749
	167,010000	0,484879
	168,010000	0,485351
	169,010000	0,485732
	170,010000	0,486321
	171,010000	0,486855
	172,010000	0,487304
	173,010000	0,487805
	174,010000	0,488329
	175,010000	0,488831
	176,010000	0,489286
	177,010000	0,489709
	178,010000	0,490015
	179,010000	0,490155
	180,010000	0,490347
	181,010000	0,490344
	182,010000	0,490328
	183,010000	0,490155
	184,010000	0,489992
	185,010000	0,489778
	186,010000	0,489429
	187,010000	0,489023
	188,010000	0,488635
	189,010000	0,488176
	190,010000	0,487652
	191,010000	0,487154
	192,010000	0,486744
	193,010000	0,486279
	194,010000	0,485667
	195,010000	0,485390
	196,010000	0,484964
	197,010000	0,484652
	198,010000	0,484284
	199,010000	0,484056
	200,010000	0,483844
	201,010000	0,483724
	202,010000	0,483688
	203,010000	0,483607
	204,010000	0,483538
	205,010000	0,483695
	206,010000	0,483874
	207,010000	0,483997
	208,010000	0,484261
	209,010000	0,484616
	210,010000	0,484938
	211,010000	0,485250
	212,010000	0,485556
	213,010000	0,485800
	214,010000	0,485940
	215,010000	0,486025
	216,010000	0,486364
	217,010000	0,486354
	218,010000	0,486601
	219,010000	0,486744
	220,010000	0,486865
	221,010000	0,486956
	222,010000	0,486884
	223,010000	0,486897
	224,010000	0,486777
	225,010000	0,486614
	226,010000	0,486546
	227,010000	0,486357
	228,010000	0,486181
	229,010000	0,486005
	230,010000	0,485810
	231,010000	0,485579
	232,010000	0,485234
	233,010000	0,485042
	234,010000	0,484648
	235,010000	0,484430
	236,010000	0,484290
	237,010000	0,484144
	238,010000	0,483988
	239,010000	0,483929
	240,010000	0,483854
	241,010000	0,483753
	242,010000	0,483662
	243,010000	0,483740
	244,010000	0,483822
	245,010000	0,483919
	246,010000	0,484118
	247,010000	0,484232
	248,010000	0,484375
	249,010000	0,484424
	250,010000	0,484499
	251,010000	0,484603
	252,010000	0,484560
	253,010000	0,484756
	254,010000	0,484948
	255,010000	0,484928
	256,010000	0,484938
	257,010000	0,485000
	258,010000	0,484948
	259,010000	0,484954
	260,010000	0,485010
	261,010000	0,484896
	262,010000	0,484857
	263,010000	0,484765
	264,010000	0,484733
	265,010000	0,484573
	266,010000	0,484489
	267,010000	0,484476
	268,010000	0,484417
	269,010000	0,484346
	270,010000	0,484274
	271,010000	0,484163
	272,010000	0,484092
	273,010000	0,483971
	274,010000	0,484001
	275,010000	0,483923
	276,010000	0,483864
	277,010000	0,483744
	278,010000	0,483704
	279,010000	0,483646
	280,010000	0,483438
	281,010000	0,483369
	282,010000	0,483337
	283,010000	0,483275
	284,010000	0,482962
	285,010000	0,482920
	286,010000	0,483067
	287,010000	0,483193
	288,010000	0,483200
	289,010000	0,483532
	290,010000	0,483893
	291,010000	0,484323
	0,010000	0,603385
	1,010000	0,602890
	2,010000	0,602126
	3,010000	0,601530
	4,010000	0,600785
	5,010000	0,600189
	6,010000	0,599607
	7,010000	0,598910
	8,010000	0,598422
	9,010000	0,598012
	10,010000	0,597725
	11,010000	0,597436
	12,010000	0,597263
	13,010000	0,597139
	0,010000	0,869542
	1,010000	0,878333
	2,010000	0,887137
	3,010000	0,896042
	4,010000	0,905126
	5,010000	0,914219
	6,010000	0,923583
	7,010000	0,932589
	8,010000	0,941851
	9,010000	0,951085
	10,010000	0,960527
	11,010000	0,970118
	12,010000	0,979762
	13,010000	0,989366
	14,010000	0,998945
	15,010000	1,008465
	16,010000	1,017776
	17,010000	1,027081
	18,010000	1,036055
	19,010000	1,045028
	20,010000	1,053587
	21,010000	1,061965
	22,010000	1,070118
	23,010000	1,078024
	24,010000	1,085571
	25,010000	1,092894
	26,010000	1,099742
	27,010000	1,106199
	28,010000	1,111993
	29,010000	1,117180
	30,010000	1,121818
	31,010000	1,125838
	32,010000	1,129385
	33,010000	1,132363
	34,010000	1,134668
	35,010000	1,136412
	36,010000	1,137831
	37,010000	1,138515
	38,010000	1,138863
	39,010000	1,138726
	40,010000	1,138355
	41,010000	1,137685
	42,010000	1,136816
	43,010000	1,135830
	44,010000	1,134814
	45,010000	1,133737
	46,010000	1,132917
	47,010000	1,131918
	48,010000	1,131049
	49,010000	1,130189
	50,010000	1,129483
	51,010000	1,128728
	52,010000	1,128129
	53,010000	1,127761
	54,010000	1,127553
	55,010000	1,127537
	56,010000	1,127826
	57,010000	1,128201
	58,010000	1,128575
	59,010000	1,129398
	60,010000	1,129965
	61,010000	1,130987
	62,010000	1,132080
	63,010000	1,133141
	64,010000	1,134209
	65,010000	1,135319
	66,010000	1,136708
	67,010000	1,138001
	68,010000	1,139036
	69,010000	1,140119
	70,010000	1,141073
	71,010000	1,142105
	72,010000	1,142970
	73,010000	1,143618
	74,010000	1,144305
	75,010000	1,144936
	76,010000	1,145555
	77,010000	1,146059
	78,010000	1,146427
	79,010000	1,146691
	80,010000	1,146505
	81,010000	1,146127
	82,010000	1,145711
	83,010000	1,145112
	84,010000	1,144529
	85,010000	1,143953
	86,010000	1,143218
	87,010000	1,142551
	88,010000	1,142082
	89,010000	1,141392
	90,010000	1,140819
	91,010000	1,140266
	92,010000	1,140035
	93,010000	1,139664
	94,010000	1,139527
	95,010000	1,139237
	96,010000	1,139032
	97,010000	1,139127
	98,010000	1,139202
	99,010000	1,139234
	100,010000	1,139335
	101,010000	1,139381
	102,010000	1,139644
	103,010000	1,139634
	104,010000	1,139820
	105,010000	1,139960
	106,010000	1,139973
	107,010000	1,140233
	108,010000	1,140328
	109,010000	1,140533
	110,010000	1,140816
	111,010000	1,141066
	112,010000	1,141259
	113,010000	1,141516
	114,010000	1,141698
	115,010000	1,141909
	116,010000	1,142170
	117,010000	1,142313
	118,010000	1,142502
	119,010000	1,142482
	120,010000	1,142564
	121,010000	1,142603
	122,010000	1,142590
	123,010000	1,142567
	124,010000	1,142459
	125,010000	1,142362
	126,010000	1,142134
	127,010000	1,141926
	128,010000	1,141841
	129,010000	1,141828
	130,010000	1,141711
	131,010000	1,141633
	132,010000	1,141594
	133,010000	1,141512
	134,010000	1,141431
	135,010000	1,141356
	136,010000	1,141385
	137,010000	1,141480
	138,010000	1,141294
	139,010000	1,141317
	140,010000	1,141252
	141,010000	1,141249
	142,010000	1,141392
	143,010000	1,141441
	144,010000	1,141574
	145,010000	1,141730
	146,010000	1,141714
	147,010000	1,141789
	148,010000	1,141877
	149,010000	1,142007
	150,010000	1,142209
	151,010000	1,142580
	152,010000	1,143254
	153,010000	1,144051
	154,010000	1,145356
	155,010000	1,146674
	156,010000	1,148516
	157,010000	1,150691
	158,010000	1,153499
	159,010000	1,156494
	160,010000	1,159996
	161,010000	1,163716
	162,010000	1,168054
	163,010000	1,172276
	164,010000	1,177053
	165,010000	1,182027
	166,010000	1,187426
	167,010000	1,192812
	168,010000	1,198795
	169,010000	1,204871
	170,010000	1,211279
	171,010000	1,218231
	172,010000	1,225294
	173,010000	1,232630
	174,010000	1,240077
	175,010000	1,247673
	176,010000	1,255240
	177,010000	1,263091
	178,010000	1,271204
	179,010000	1,279276
	180,010000	1,287696
	181,010000	1,296269
	182,010000	1,305213
	183,010000	1,314182
	184,010000	1,323061
	185,010000	1,332168
	186,010000	1,341369
	187,010000	1,350544
	188,010000	1,359969
	189,010000	1,369147
	190,010000	1,378599
	191,010000	1,388093
	192,010000	1,397704
	193,010000	1,407321
	194,010000	1,417050
	195,010000	1,426722
	196,010000	1,436473
	197,010000	1,446322
	198,010000	1,456076
	199,010000	1,465944
	200,010000	1,475744
	201,010000	1,485700
	202,010000	1,495516
	203,010000	1,505241
	204,010000	1,515096
	205,010000	1,525066
	206,010000	1,534794
	207,010000	1,544834
	208,010000	1,554807
	209,010000	1,564792
	210,010000	1,574901
	211,010000	1,584831
	212,010000	1,594755
	213,010000	1,604733
	214,010000	1,614780
	215,010000	1,624750
	216,010000	1,635028
	217,010000	1,645182
	218,010000	1,655464
	219,010000	1,665534
	220,010000	1,675727
	221,010000	1,685677
	222,010000	1,695740
	223,010000	1,705784
	224,010000	1,715903
	225,010000	1,725983
	226,010000	1,736076
	227,010000	1,746087
	228,010000	1,756036
	229,010000	1,765937
	230,010000	1,775835
	231,010000	1,785706
	232,010000	1,795480
	233,010000	1,805263
	234,010000	1,814777
	235,010000	1,824264
	236,010000	1,833761
	237,010000	1,843096
	238,010000	1,852563
	239,010000	1,861917
	240,010000	1,871333
	241,010000	1,880690
	242,010000	1,890155
	243,010000	1,899561
	244,010000	1,909231
	245,010000	1,918871
	246,010000	1,928593
	247,010000	1,938272
	248,010000	1,947704
	249,010000	1,956983
	250,010000	1,966298
	251,010000	1,975815
	252,010000	1,985055
	253,010000	1,994441
	254,010000	2,003707
	255,010000	2,012794
	256,010000	2,022060
	257,010000	2,030897
	258,010000	2,039782
	259,010000	2,048843
	260,010000	2,057705
	261,010000	2,066721
	262,010000	2,075889
	263,010000	2,084901
	264,010000	2,094008
	265,010000	2,103046
	266,010000	2,111983
	267,010000	2,120944
	268,010000	2,130011
	269,010000	2,138942
	270,010000	2,147821
	271,010000	2,156667
	272,010000	2,165539
	273,010000	2,174421
	274,010000	2,183316
	275,010000	2,192000
	276,010000	2,200530
	277,010000	2,209334
	278,010000	2,218112
	279,010000	2,226675
	280,010000	2,234668
	281,010000	2,243316
	282,010000	2,252136
	283,010000	2,260598
	284,010000	2,268992
	285,010000	2,277304
	286,010000	2,285607
	287,010000	2,293789
	288,010000	2,302046
	289,010000	2,310092
	290,010000	2,318144
	291,010000	2,326095
	292,010000	2,333988
	293,010000	2,342089
	294,010000	2,350046
	295,010000	2,358108
	296,010000	2,366232
	297,010000	2,374264
	298,010000	2,382248
	299,010000	2,390440
	300,010000	2,398381
	301,010000	2,406375
	302,010000	2,414349
	303,010000	2,422879
	304,010000	2,430892
	305,010000	2,438964
	306,010000	2,447022
	307,010000	2,455140
	308,010000	2,463263
	309,010000	2,471104
	310,010000	2,478967
	311,010000	2,486782
	312,010000	2,494573
	313,010000	2,502189
	314,010000	2,509720
	315,010000	2,517333
	316,010000	2,525092
	317,010000	2,532975
	318,010000	2,540737
	319,010000	2,548640
	320,010000	2,556441
	0,010000	2,606820
	1,010000	2,614036
	2,010000	2,621076
	3,010000	2,628278
	4,010000	2,635373
	5,010000	2,642501
	6,010000	2,649206
	7,010000	2,656203
	8,010000	2,662631
	9,010000	2,668477
	10,010000	2,673450
	11,010000	2,677066
	12,010000	2,679071
	13,010000	2,678960
	14,010000	2,677076
	15,010000	2,672373
	16,010000	2,665473
	17,010000	2,656044
	18,010000	2,644242
	19,010000	2,629531
	20,010000	2,612653
	21,010000	2,593489
	22,010000	2,572145
	23,010000	2,548838
	24,010000	2,523240
	25,010000	2,495729
	26,010000	2,466345
	27,010000	2,435354
	28,010000	2,402798
	29,010000	2,368927
	30,010000	2,333783
	31,010000	2,297597
	32,010000	2,260426
	33,010000	2,222486
	34,010000	2,183944
	35,010000	2,144979
	36,010000	2,105529
	37,010000	2,065842
	38,010000	2,026008
	39,010000	1,985963
	40,010000	1,946207
	41,010000	1,906402
	42,010000	1,866747
	43,010000	1,827350
	44,010000	1,788300
	45,010000	1,749696
	46,010000	1,711555
	47,010000	1,673898
	48,010000	1,636688
	49,010000	1,600297
	50,010000	1,564493
	51,010000	1,529349
	52,010000	1,494927
	53,010000	1,461287
	54,010000	1,428425
	55,010000	1,396304
	56,010000	1,364975
	57,010000	1,334889
	58,010000	1,305906
	59,010000	1,278619
	60,010000	1,252829
	61,010000	1,228965
	62,010000	1,206824
	63,010000	1,186537
	64,010000	1,168087
	65,010000	1,151550
	66,010000	1,136552
	67,010000	1,123273
	68,010000	1,111586
	69,010000	1,101522
	70,010000	1,092920
	71,010000	1,085786
	72,010000	1,079875
	73,010000	1,075146
	74,010000	1,071609
	75,010000	1,068910
	76,010000	1,067413
	77,010000	1,066746
	78,010000	1,067088
	79,010000	1,068204
	80,010000	1,070199
	81,010000	1,072813
	82,010000	1,076077
	83,010000	1,079976
	84,010000	1,084416
	85,010000	1,089366
	86,010000	1,094889
	87,010000	1,100790
	88,010000	1,107107
	89,010000	1,114040
	90,010000	1,121184
	91,010000	1,128764
	92,010000	1,136621
	93,010000	1,144787
	94,010000	1,153245
	95,010000	1,162001
	96,010000	1,170769
	97,010000	1,179999
	98,010000	1,189268
	99,010000	1,198703
	100,010000	1,208344
	101,010000	1,218189
	102,010000	1,228295
	103,010000	1,238469
	104,010000	1,248809
	105,010000	1,259231
	106,010000	1,269847
	107,010000	1,280568
	108,010000	1,291266
	109,010000	1,302215
	110,010000	1,313248
	111,010000	1,324272
	112,010000	1,335520
	113,010000	1,346700
	114,010000	1,358003
	115,010000	1,369290
	116,010000	1,380496
	117,010000	1,391761
	118,010000	1,403022
	119,010000	1,414377
	120,010000	1,425746
	121,010000	1,437180
	122,010000	1,448695
	123,010000	1,460167
	124,010000	1,471588
	125,010000	1,483204
	126,010000	1,494826
	127,010000	1,506364
	128,010000	1,517941
	129,010000	1,529280
	130,010000	1,540115
	131,010000	1,551559
	132,010000	1,563054
	133,010000	1,572727
	134,010000	1,549303
	135,010000	1,595663
	136,010000	1,609651
	137,010000	1,622813
	138,010000	1,635060
	139,010000	1,646985
	140,010000	1,658937
	141,010000	1,670546
	142,010000	1,681638
	143,010000	1,693794
	144,010000	1,706273
	145,010000	1,718429
	146,010000	1,730686
	147,010000	1,743122
	148,010000	1,755376
	149,010000	1,767672
	150,010000	1,779909
	151,010000	1,791730
	152,010000	1,803867
	153,010000	1,815678
	154,010000	1,827870
	155,010000	1,839880
	156,010000	1,851769
	157,010000	1,863607
	158,010000	1,875525
	159,010000	1,887327
	160,010000	1,898933
	161,010000	1,910539
	162,010000	1,921774
	163,010000	1,932671
	164,010000	1,943759
	165,010000	1,954871
	166,010000	1,965972
	167,010000	1,977087
	168,010000	1,988163
	169,010000	1,999180
	170,010000	2,009582
	171,010000	2,019993
	172,010000	2,030714
	173,010000	2,041601
	174,010000	2,052573
	175,010000	2,062984
	176,010000	2,073272
	177,010000	2,083590
	178,010000	2,093901
	179,010000	2,103944
	180,010000	2,114506
	181,010000	2,124869
	182,010000	2,135098
	183,010000	2,145357
	184,010000	2,155996
	185,010000	2,166164
	186,010000	2,176517
	187,010000	2,186890
	188,010000	2,197158
	189,010000	2,207313
	190,010000	2,217340
	191,010000	2,227039
	192,010000	2,236969
	193,010000	2,246499
	194,010000	2,256240
	195,010000	2,265916
	196,010000	2,275322
	197,010000	2,284367
	198,010000	2,293614
	199,010000	2,302531
	200,010000	2,311413
	201,010000	2,320328
	202,010000	2,329213
	203,010000	2,337900
	204,010000	2,346723
	205,010000	2,355475
	206,010000	2,363901
	207,010000	2,372585
	208,010000	2,381089
	209,010000	2,389932
	210,010000	2,398473
	211,010000	2,407068
	212,010000	2,415654
	213,010000	2,424145
	214,010000	2,432718
	215,010000	2,441148
	216,010000	2,449382
	217,010000	2,457766
	218,010000	2,466150
	219,010000	2,474339
	220,010000	2,482889
	221,010000	2,491426
	222,010000	2,500253
	223,010000	2,508705
	224,010000	2,517219
	225,010000	2,525724
	226,010000	2,534479
	227,010000	2,542619
	228,010000	2,550778
	229,010000	2,558739
	230,010000	2,566619
	231,010000	2,574553
	232,010000	2,582479
	233,010000	2,590501
	234,010000	2,598143
	235,010000	2,606065
	236,010000	2,614020
	237,010000	2,621795
	238,010000	2,629841
	239,010000	2,637828
	240,010000	2,645814
	241,010000	2,653850
	242,010000	2,661740
	243,010000	2,669479
	244,010000	2,677326
	245,010000	2,685118
	246,010000	2,692617
	247,010000	2,700138
	248,010000	2,707712
	249,010000	2,715308
	250,010000	2,723012
	251,010000	2,730696
	252,010000	2,737951
	253,010000	2,745671
	254,010000	2,753140
	255,010000	2,760415
	256,010000	2,767614
	257,010000	2,775015
	258,010000	2,782104
	259,010000	2,789092
	260,010000	2,796252
	261,010000	2,803175
	262,010000	2,810296
	263,010000	2,817453
	264,010000	2,824366
	265,010000	2,831122
	266,010000	2,837814
	267,010000	2,844470
	268,010000	2,850976
	269,010000	2,857576
	270,010000	2,864157
	271,010000	2,871207
	272,010000	2,878439
	273,010000	2,885469
	274,010000	2,892584
	275,010000	2,899773
	276,010000	2,906588
	277,010000	2,913583
	278,010000	2,920486
	279,010000	2,927233
	280,010000	2,933898
	281,010000	2,940544
	282,010000	2,946852
	283,010000	2,953247
	284,010000	2,959356
	285,010000	2,965329
	286,010000	2,970976
	287,010000	2,977059
	288,010000	2,982917
	289,010000	2,988883
	290,010000	2,994845
	291,010000	3,000909
	292,010000	3,006897
	293,010000	3,012857
	294,010000	3,019099
	295,010000	3,024691
	296,010000	3,030712
	297,010000	3,036700
	298,010000	3,042689
	299,010000	3,048446
	300,010000	3,054289
	301,010000	3,060349
	302,010000	3,066305
	303,010000	3,072193
	304,010000	3,077937
	305,010000	3,083525
	306,010000	3,089088
	307,010000	3,094337
	308,010000	3,099610
	309,010000	3,104638
	310,010000	3,110328
	311,010000	3,115789
	312,010000	3,121123
	313,010000	3,126581
	314,010000	3,131766
	315,010000	3,137009
	316,010000	3,142187
	317,010000	3,147180
	318,010000	3,152502
	319,010000	3,157624
	320,010000	3,162972
	321,010000	3,168143
	322,010000	3,173423
	323,010000	3,178682
	324,010000	3,183873
	325,010000	3,189419
	326,010000	3,194584
	327,010000	3,199766
	328,010000	3,204807
	329,010000	3,209833
	330,010000	3,214887
	331,010000	3,219691
	332,010000	3,224449
	333,010000	3,229348
	334,010000	3,234269
	335,010000	3,239411
	336,010000	3,244218
	337,010000	3,249025
	338,010000	3,253823
	339,010000	3,258588
	340,010000	3,263212
	341,010000	3,268212
	342,010000	3,273061
	343,010000	3,277816
	344,010000	3,282555
	345,010000	3,287219
	346,010000	3,291938
	347,010000	3,296491
	348,010000	3,301139
	349,010000	3,305910
	350,010000	3,310421
	351,010000	3,314955
	352,010000	3,319489
	353,010000	3,324023
	354,010000	3,328547
	355,010000	3,333412
	356,010000	3,337559
	357,010000	3,342102
	358,010000	3,346630
	359,010000	3,350962
	360,010000	3,355261
	361,010000	3,359749
	362,010000	3,364221
	363,010000	3,368709
	364,010000	3,373129
	365,010000	3,377513
	366,010000	3,381904
	367,010000	3,386330
	368,010000	3,390643
	369,010000	3,394597
	370,010000	3,398669
	371,010000	3,402805
	372,010000	3,406913
	373,010000	3,411176
	374,010000	3,415189
	375,010000	3,419394
	376,010000	3,423479
	377,010000	3,427498
	378,010000	3,431603
	379,010000	3,435795
	380,010000	3,440071
	381,010000	3,444468
	382,010000	3,449139
	383,010000	3,453259
	384,010000	3,457201
	385,010000	3,461503
	386,010000	3,465975
	387,010000	3,469614
	388,010000	3,473187
	389,010000	3,477217
	390,010000	3,481340
	391,010000	3,485594
	392,010000	3,489770
	393,010000	3,493864
	394,010000	3,497962
	395,010000	3,501796
	396,010000	3,505676
	397,010000	3,509314
	398,010000	3,512826
	399,010000	3,516276
	400,010000	3,519729
	401,010000	3,523134
	402,010000	3,526505
	403,010000	3,529985
	404,010000	3,533226
	405,010000	3,536670
	406,010000	3,540234
	407,010000	3,543742
	408,010000	3,547205
	409,010000	3,550626
	410,010000	3,554391
	411,010000	3,558365
	412,010000	3,562180
	413,010000	3,565604
	414,010000	3,568894
	415,010000	3,572354
	416,010000	3,575622
	417,010000	3,579007
	418,010000	3,582264
	419,010000	3,585636
	420,010000	3,588865
	421,010000	3,592367
	422,010000	3,596084
	423,010000	3,599618
	424,010000	3,603182
	425,010000	3,606515
	426,010000	3,609806
	427,010000	3,612985
	428,010000	3,616367
	429,010000	3,619465
	430,010000	3,623000
	431,010000	3,626356
	432,010000	3,629682
	433,010000	3,632891
	434,010000	3,636002
	435,010000	3,639016
	436,010000	3,641929
	437,010000	3,644709
	438,010000	3,647439
	439,010000	3,650359
	440,010000	3,653213
	441,010000	3,656067
	442,010000	3,658977
	443,010000	3,661913
	444,010000	3,664627
	445,010000	3,667527
	446,010000	3,670417
	447,010000	3,673190
	448,010000	3,676051
	449,010000	3,678772
	450,010000	3,681532
	451,010000	3,684217
	452,010000	3,687149
	453,010000	3,689975
	454,010000	3,692842
	455,010000	3,695550
	456,010000	3,698407
	457,010000	3,701057
	458,010000	3,703875
	459,010000	3,706622
	460,010000	3,709281
	461,010000	3,711921
	462,010000	3,714746
	463,010000	3,717441
	464,010000	3,720214
	465,010000	3,722967
	466,010000	3,725584
	467,010000	3,728197
	468,010000	3,730824
	469,010000	3,733486
	470,010000	3,736054
	471,010000	3,738121
	472,010000	3,740754
	473,010000	3,743257
	474,010000	3,745841
	475,010000	3,748572
	476,010000	3,751335
	477,010000	3,753945
	478,010000	3,756702
	479,010000	3,759377
	480,010000	3,761955
	481,010000	3,764510
	482,010000	3,767211
	483,010000	3,769590
	484,010000	3,772126
	485,010000	3,774560
	486,010000	3,777105
	487,010000	3,779589
	488,010000	3,781987
	489,010000	3,784259
	490,010000	3,786661
	491,010000	3,789252
	492,010000	3,791647
	493,010000	3,794147
	494,010000	3,796526
	495,010000	3,798947
	496,010000	3,801288
	497,010000	3,803683
	498,010000	3,806160
	499,010000	3,808575
	500,010000	3,810892
	501,010000	3,813281
	502,010000	3,815865
	503,010000	3,818222
	504,010000	3,820506
	505,010000	3,822837
	506,010000	3,825174
	507,010000	3,827641
	508,010000	3,829938
	509,010000	3,832305
	510,010000	3,834619
	511,010000	3,836998
	512,010000	3,839429
	513,010000	3,841694
	514,010000	3,844106
	515,010000	3,846166
	516,010000	3,848288
	517,010000	3,850534
	518,010000	3,852721
	519,010000	3,854895
	520,010000	3,856939
	521,010000	3,859087
	522,010000	3,861063
	523,010000	3,863156
	524,010000	3,865173
	525,010000	3,867022
	526,010000	3,868965
	527,010000	3,870908
	528,010000	3,872767
	529,010000	3,874791
	530,010000	3,876646
	531,010000	3,878667
	532,010000	3,880539
	533,010000	3,882540
	534,010000	3,884493
	535,010000	3,886413
	536,010000	3,888441
	537,010000	3,890436
	538,010000	3,892418
	539,010000	3,894280
	540,010000	3,896174
	541,010000	3,898052
	542,010000	3,900148
	543,010000	3,902127
	544,010000	3,904132
	545,010000	3,905954
	546,010000	3,907937
	547,010000	3,909818
	548,010000	3,911624
	549,010000	3,913398
	550,010000	3,915539
	551,010000	3,917541
	552,010000	3,919373
	553,010000	3,921469
	554,010000	3,923351
	555,010000	3,925245
	556,010000	3,927090
	557,010000	3,928874
	558,010000	3,930703
	559,010000	3,932561
	560,010000	3,934286
	561,010000	3,936216
	562,010000	3,937961
	563,010000	3,939800
	564,010000	3,941473
	565,010000	3,943120
	566,010000	3,945072
	567,010000	3,946762
	568,010000	3,948639
	569,010000	3,950283
	570,010000	3,951930
	571,010000	3,953352
	572,010000	3,954924
	573,010000	3,956705
	574,010000	3,958400
	575,010000	3,959982
	576,010000	3,961749
	577,010000	3,963491
	578,010000	3,965186
	579,010000	3,966726
	580,010000	3,968265
	581,010000	3,969847
	582,010000	3,971562
	583,010000	3,973294
	584,010000	3,974898
	585,010000	3,976519
	586,010000	3,978179
	587,010000	3,979832
	588,010000	3,981404
	589,010000	3,983100
	590,010000	3,984529
	591,010000	3,986299
	592,010000	3,987829
	593,010000	3,989391
	594,010000	3,990940
	595,010000	3,992470
	596,010000	3,994182
	597,010000	3,995663
	598,010000	3,997271
	599,010000	3,998804
	600,010000	4,000350
	601,010000	4,001691
	602,010000	4,003412
	603,010000	4,005004
	604,010000	4,006612
	605,010000	4,008327
	606,010000	4,009925
	607,010000	4,011341
	608,010000	4,012975
	609,010000	4,014176
	610,010000	4,015933
	611,010000	4,017508
	612,010000	4,018823
	613,010000	4,020379
	614,010000	4,021866
	615,010000	4,023383
	616,010000	4,024903
	617,010000	4,026195
	618,010000	4,027705
	619,010000	4,029176
	620,010000	4,030560
	621,010000	4,031663
	622,010000	4,033310
	623,010000	4,034872
	624,010000	4,036307
	625,010000	4,036961
	626,010000	4,038641
	627,010000	4,040564
	628,010000	4,042022
	629,010000	4,043461
	630,010000	4,044848
	631,010000	4,046114
	632,010000	4,047497
	633,010000	4,048848
	634,010000	4,050224
	635,010000	4,051497
	636,010000	4,052756
	637,010000	4,054133
	638,010000	4,055415
	639,010000	4,056802
	640,010000	4,057974
	641,010000	4,059275
	642,010000	4,060535
	643,010000	4,061850
	644,010000	4,063145
	645,010000	4,064346
	646,010000	4,065593
	647,010000	4,067041
	648,010000	4,068249
	649,010000	4,069687
	650,010000	4,070908
	651,010000	4,072164
	652,010000	4,073563
	653,010000	4,074862
	654,010000	4,076154
	655,010000	4,077401
	656,010000	4,078615
	657,010000	4,079939
	658,010000	4,080955
	659,010000	4,082094
	660,010000	4,083477
	661,010000	4,084821
	662,010000	4,086455
	663,010000	4,087747
	664,010000	4,089026
	665,010000	4,090234
	666,010000	4,091575
	667,010000	4,092909
	668,010000	4,094182
	669,010000	4,095282
	670,010000	4,096694
	671,010000	4,098055
	672,010000	4,099253
	673,010000	4,100493
	674,010000	4,101759
	675,010000	4,103214
	676,010000	4,104310
	677,010000	4,105707
	678,010000	4,106950
	679,010000	4,108271
	680,010000	4,109427
	681,010000	4,110703
	682,010000	4,111685
	683,010000	4,112867
	684,010000	4,114000
	685,010000	4,115194
	686,010000	4,116353
	687,010000	4,117677
	688,010000	4,118719
	689,010000	4,119933
	690,010000	4,121049
	691,010000	4,122071
	692,010000	4,123275
	693,010000	4,124450
	694,010000	4,125641
	695,010000	4,126855
	696,010000	4,128131
	697,010000	4,129218
	698,010000	4,130283
	699,010000	4,131379
	700,010000	4,132395
	701,010000	4,133365
	702,010000	4,134413
	703,010000	4,135653
	704,010000	4,136717
	705,010000	4,137843
	706,010000	4,138855
	707,010000	4,140014
	708,010000	4,141004
	709,010000	4,142110
	710,010000	4,143132
	711,010000	4,144265
	712,010000	4,145287
	713,010000	4,146331
	714,010000	4,147308
	715,010000	4,148362
	716,010000	4,149505
	717,010000	4,150390
	718,010000	4,151389
	719,010000	4,152372
	720,010000	4,153290
	721,010000	4,154123
	722,010000	4,155083
	723,010000	4,156144
	724,010000	4,157192
	725,010000	4,158035
	726,010000	4,159259
	727,010000	4,160265
	728,010000	4,161218
	729,010000	4,162048
	730,010000	4,163191
	731,010000	4,164343
	732,010000	4,165134
	733,010000	4,166188
	734,010000	4,167099
	735,010000	4,167975
	736,010000	4,169020
	737,010000	4,170061
	738,010000	4,170855
	739,010000	4,171871
	740,010000	4,172785
	741,010000	4,173615
	742,010000	4,174735
	743,010000	4,175838
	744,010000	4,176795
	745,010000	4,177645
	746,010000	4,178575
	747,010000	4,179519
	748,010000	4,180473
	749,010000	4,181488
	750,010000	4,182507
	751,010000	4,183415
	752,010000	4,184339
	753,010000	4,185225
	754,010000	4,186198
	755,010000	4,187067
	756,010000	4,187968
	757,010000	4,188902
	758,010000	4,189869
	759,010000	4,190758
	760,010000	4,191688
	761,010000	4,192554
	762,010000	4,193400
	763,010000	4,194393
	764,010000	4,195142
	765,010000	4,196089
	766,010000	4,196974
	767,010000	4,197957
	768,010000	4,198839
	769,010000	4,199835
	770,010000	4,200805
	771,010000	4,201439
	772,010000	4,202533
	773,010000	4,203409
	774,010000	4,204229
	775,010000	4,204938
	776,010000	4,205824
	777,010000	4,206800
	778,010000	4,207562
	779,010000	4,208365
	780,010000	4,208984
	781,010000	4,209658
	782,010000	4,210481
	783,010000	4,211308
	784,010000	4,212229
	785,010000	4,213062
	786,010000	4,213745
	787,010000	4,214585
	788,010000	4,215428
	789,010000	4,215981
	790,010000	4,216834
	791,010000	4,217745
	792,010000	4,218562
	793,010000	4,219483
	794,010000	4,220131
	795,010000	4,220909
	796,010000	4,221710
	797,010000	4,222504
	798,010000	4,223265
	799,010000	4,223926
	800,010000	4,224717
	801,010000	4,225602
	802,010000	4,226289
	803,010000	4,227086
	804,010000	4,227783
	805,010000	4,228551
	806,010000	4,229270
	807,010000	4,229989
	808,010000	4,230689
	809,010000	4,231513
	810,010000	4,232251
	811,010000	4,233029
	812,010000	4,233872
	813,010000	4,234510
	814,010000	4,235392
	815,010000	4,235711
	816,010000	4,236443
	817,010000	4,237488
	818,010000	4,238136
	819,010000	4,238520
	820,010000	4,239382
	821,010000	4,239972
	822,010000	4,240847
	823,010000	4,241957
	824,010000	4,242676
	825,010000	4,243461
	826,010000	4,244242
	827,010000	4,245046
	828,010000	4,245758
	829,010000	4,246556
	830,010000	4,247259
	831,010000	4,248121
	832,010000	4,248880
	833,010000	4,249530
	834,010000	4,250159
	835,010000	4,250855
	836,010000	4,251698
	837,010000	4,252369
	838,010000	4,253303
	839,010000	4,254012
	840,010000	4,254865
	841,010000	4,255503
	842,010000	4,256173
	843,010000	4,257088
	844,010000	4,257934
	845,010000	4,258741
	846,010000	4,259643
	847,010000	4,260473
	848,010000	4,261329
	849,010000	4,261888
	850,010000	4,262718
	851,010000	4,263630
	852,010000	4,264440
	853,010000	4,265251
	854,010000	4,265875
	855,010000	4,266536
	856,010000	4,267207
	857,010000	4,267994
	858,010000	4,268674
	859,010000	4,269312
	860,010000	4,269928
	861,010000	4,270569
	862,010000	4,271265
	863,010000	4,271968
	864,010000	4,272691
	865,010000	4,273251
	866,010000	4,273983
	867,010000	4,274621
	868,010000	4,275334
	869,010000	4,276007
	870,010000	4,276609
	871,010000	4,277208
	872,010000	4,277898
	873,010000	4,278458
	874,010000	4,279161
	875,010000	4,279750
	876,010000	4,280382
	877,010000	4,281036
	878,010000	4,281566
	879,010000	4,282198
	880,010000	4,282845
	881,010000	4,283486
	882,010000	4,284108
	883,010000	4,284723
	884,010000	4,285316
	885,010000	4,285901
	886,010000	4,286399
	887,010000	4,287015
	888,010000	4,287623
	889,010000	4,288339
	890,010000	4,288844
	891,010000	4,289355
	892,010000	4,290032
	893,010000	4,290582
	894,010000	4,291089
	895,010000	4,291802
	896,010000	4,292352
	897,010000	4,293010
	898,010000	4,293670
	899,010000	4,294263
	900,010000	4,294858
	901,010000	4,295662
	902,010000	4,296108
	903,010000	4,296847
	904,010000	4,297582
	905,010000	4,298230
	906,010000	4,298412
	907,010000	4,299187
	908,010000	4,300010
	909,010000	4,300323
	910,010000	4,301202
	911,010000	4,301722
	912,010000	4,302399
	913,010000	4,302910
	914,010000	4,303516
	915,010000	4,304118
	916,010000	4,304707
	917,010000	4,305231
	918,010000	4,305833
	919,010000	4,306181
	920,010000	4,306826
	921,010000	4,307359
	922,010000	4,307929
	923,010000	4,308518
	924,010000	4,308980
	925,010000	4,309661
	926,010000	4,310246
	927,010000	4,310891
	928,010000	4,311480
	929,010000	4,312150
	930,010000	4,312739
	931,010000	4,313289
	932,010000	4,313817
	933,010000	4,314409
	934,010000	4,314949
	935,010000	4,315503
	936,010000	4,315900
	937,010000	4,316560
	938,010000	4,317045
	939,010000	4,317495
	940,010000	4,318116
	941,010000	4,318572
	942,010000	4,319047
	943,010000	4,319613
	944,010000	4,320157
	945,010000	4,320707
	946,010000	4,321280
	947,010000	4,321820
	948,010000	4,322311
	949,010000	4,322712
	950,010000	4,323294
	951,010000	4,323747
	952,010000	4,324284
	953,010000	4,324844
	954,010000	4,325374
	955,010000	4,325784
	956,010000	4,326211
	957,010000	4,326767
	958,010000	4,327376
	959,010000	4,327805
	960,010000	4,328284
	961,010000	4,328834
	962,010000	4,329143
	963,010000	4,329615
	964,010000	4,330285
	965,010000	4,330637
	966,010000	4,331141
	967,010000	4,331581
	968,010000	4,332001
	969,010000	4,332456
	970,010000	4,333110
	971,010000	4,333530
	972,010000	4,334171
	973,010000	4,334637
	974,010000	4,335206
	975,010000	4,335708
	976,010000	4,336209
	977,010000	4,336609
	978,010000	4,337234
	979,010000	4,337576
	980,010000	4,338168
	981,010000	4,338614
	982,010000	4,339219
	983,010000	4,339652
	984,010000	4,340271
	985,010000	4,340853
	986,010000	4,341247
	987,010000	4,341784
	988,010000	4,342341
	989,010000	4,342835
	990,010000	4,343219
	991,010000	4,343763
	992,010000	4,344206
	993,010000	4,344847
	994,010000	4,345263
	995,010000	4,345865
	996,010000	4,346240
	997,010000	4,346718
	998,010000	4,347210
	999,010000	4,347786
	1000,010000	4,348394
	1001,010000	4,348860
	1002,010000	4,349315
	1003,010000	4,349862
	1004,010000	4,350321
	1005,010000	4,350695
	1006,010000	4,351187
	1007,010000	4,351473
	1008,010000	4,351988
	1009,010000	4,352547
	1010,010000	4,353042
	1011,010000	4,353354
	1012,010000	4,353354
	1013,010000	4,353742
	1014,010000	4,354080
	1015,010000	4,354705
	1016,010000	4,355434
	1017,010000	4,356134
	1018,010000	4,356502
	1019,010000	4,356957
	1020,010000	4,357302
	1021,010000	4,357813
	1022,010000	4,358292
	1023,010000	4,358503
	1024,010000	4,359040
	1025,010000	4,359682
	1026,010000	4,360036
	1027,010000	4,360362
	1028,010000	4,360775
	1029,010000	4,361153
	1030,010000	4,361901
	1031,010000	4,362269
	1032,010000	4,362712
	1033,010000	4,363070
	1034,010000	4,363519
	1035,010000	4,363818
	1036,010000	4,364287
	1037,010000	4,364583
	1038,010000	4,364964
	1039,010000	4,365198
	1040,010000	4,365540
	1041,010000	4,365833
	1042,010000	4,366266
	1043,010000	4,366738
	1044,010000	4,367164
	1045,010000	4,367529
	1046,010000	4,367987
	1047,010000	4,368476
	1048,010000	4,368824
	1049,010000	4,369263
	1050,010000	4,369664
	1051,010000	4,370142
	1052,010000	4,370295
	1053,010000	4,370581
	1054,010000	4,370988
	1055,010000	4,371363
	1056,010000	4,371769
	1057,010000	4,372150
	1058,010000	4,372515
	1059,010000	4,372938
	1060,010000	4,373374
	1061,010000	4,373898
	1062,010000	4,374236
	1063,010000	4,374503
	1064,010000	4,375092
	1065,010000	4,375499
	1066,010000	4,375922
	1067,010000	4,376332
	1068,010000	4,376388
	1069,010000	4,376606
	1070,010000	4,377104
	1071,010000	4,377397
	1072,010000	4,377452
	1073,010000	4,377924
	1074,010000	4,378367
	1075,010000	4,378812
	1076,010000	4,378855
	1077,010000	4,379275
	1078,010000	4,379516
	1079,010000	4,380251
	1080,010000	4,380557
	1081,010000	4,380967
	1082,010000	4,381244
	1083,010000	4,381511
	1084,010000	4,381800
	1085,010000	4,382393
	1086,010000	4,382725
	1087,010000	4,382985
	1088,010000	4,383330
	1089,010000	4,383561
	1090,010000	4,384108
	1091,010000	4,384502
	1092,010000	4,385003
	1093,010000	4,385283
	1094,010000	4,385836
	1095,010000	4,386142
	1096,010000	4,386676
	1097,010000	4,386962
	1098,010000	4,387428
	1099,010000	4,387714
	1100,010000	4,388173
	1101,010000	4,388453
	1102,010000	4,388759
	1103,010000	4,389201
	1104,010000	4,389651
	1105,010000	4,390083
	1106,010000	4,390370
	1107,010000	4,390773
	1108,010000	4,391118
	1109,010000	4,391441
	1110,010000	4,391558
	1111,010000	4,391887
	1112,010000	4,391919
	1113,010000	4,392544
	1114,010000	4,392948
	1115,010000	4,393400
	1116,010000	4,393680
	1117,010000	4,394048
	1118,010000	4,394295
	1119,010000	4,394656
	1120,010000	4,395024
	1121,010000	4,395418
	1122,010000	4,395909
	1123,010000	4,396397
	1124,010000	4,396759
	1125,010000	4,397100
	1126,010000	4,397309
	1127,010000	4,397592
	1128,010000	4,398044
	1129,010000	4,398464
	1130,010000	4,398936
	1131,010000	4,399294
	1132,010000	4,399685
	1133,010000	4,400004
	1134,010000	4,400414
	1135,010000	4,400817
	1136,010000	4,401055
	1137,010000	4,401432
	1138,010000	4,401764
	1139,010000	4,402181
	1140,010000	4,402480
	1141,010000	4,402904
	1142,010000	4,403242
	1143,010000	4,403421
	1144,010000	4,403802
	1145,010000	4,404280
	1146,010000	4,404629
	1147,010000	4,404977
	1148,010000	4,405341
	1149,010000	4,405543
	1150,010000	4,405982
	1151,010000	4,406422
	1152,010000	4,406773
	1153,010000	4,406978
	1154,010000	4,407327
	1155,010000	4,407659
	1156,010000	4,407981
	1157,010000	4,408345
	1158,010000	4,408658
	1159,010000	4,408843
	1160,010000	4,409266
	1161,010000	4,409374
	1162,010000	4,409686
	1163,010000	4,409995
	1164,010000	4,410357
	1165,010000	4,410591
	1166,010000	4,410829
	1167,010000	4,411170
	1168,010000	4,411454
	1169,010000	4,411893
	1170,010000	4,412189
	1171,010000	4,412589
	1172,010000	4,412788
	1173,010000	4,413527
	1174,010000	4,414074
	1175,010000	4,414480
	1176,010000	4,414770
	1177,010000	4,415216
	1178,010000	4,415428
	1179,010000	4,415903
	1180,010000	4,416241
	1181,010000	4,416609
	1182,010000	4,416860
	1183,010000	4,416993
	1184,010000	4,417478
	1185,010000	4,417729
	1186,010000	4,418015
	1187,010000	4,418314
	1188,010000	4,418689
	1189,010000	4,418920
	1190,010000	4,419232
	1191,010000	4,419424
	1192,010000	4,419737
	1193,010000	4,420075
	1194,010000	4,420293
	1195,010000	4,420694
	1196,010000	4,420899
	1197,010000	4,421179
	1198,010000	4,421367
	1199,010000	4,421823
	1200,010000	4,421976
	1201,010000	4,422350
	1202,010000	4,422685
	1203,010000	4,422933
	1204,010000	4,423040
	1205,010000	4,423571
	1206,010000	4,423743
	1207,010000	4,423955
	1208,010000	4,424270
	1209,010000	4,424329
	1210,010000	4,425016
	1211,010000	4,425289
	1212,010000	4,425624
	1213,010000	4,425895
	1214,010000	4,426083
	1215,010000	4,426288
	1216,010000	4,426591
	1217,010000	4,427024
	1218,010000	4,427245
	1219,010000	4,427493
	1220,010000	4,427789
	1221,010000	4,428052
	1222,010000	4,428407
	1223,010000	4,428723
	1224,010000	4,429006
	1225,010000	4,429214
	1226,010000	4,429309
	1227,010000	4,429865
	1228,010000	4,430200
	1229,010000	4,430458
	1230,010000	4,430803
	1231,010000	4,431040
	1232,010000	4,431258
	1233,010000	4,431541
	1234,010000	4,431688
	1235,010000	4,431935
	1236,010000	4,432238
	1237,010000	4,432554
	1238,010000	4,432788
	1239,010000	4,433048
	1240,010000	4,433410
	1241,010000	4,433550
	1242,010000	4,433839
	1243,010000	4,433953
	1244,010000	4,434386
	1245,010000	4,434679
	1246,010000	4,434969
	1247,010000	4,435268
	1248,010000	4,435519
	1249,010000	4,435838
	1250,010000	4,436251
	1251,010000	4,436049
	1252,010000	4,436462
	1253,010000	4,436876
	1254,010000	4,437169
	1255,010000	4,437465
	1256,010000	4,437563
	1257,010000	4,437849
	1258,010000	4,438083
	1259,010000	4,438432
	1260,010000	4,438601
	1261,010000	4,438767
	1262,010000	4,439082
	1263,010000	4,439450
	1264,010000	4,439525
	1265,010000	4,439685
	1266,010000	4,439978
	1267,010000	4,440280
	1268,010000	4,440625
	1269,010000	4,440632
	1270,010000	4,441065
	1271,010000	4,441354
	1272,010000	4,441689
	1273,010000	4,441826
	1274,010000	4,442204
	1275,010000	4,442438
	1276,010000	4,442724
	1277,010000	4,442718
	1278,010000	4,442907
	1279,010000	4,443268
	1280,010000	4,443694
	1281,010000	4,443880
	1282,010000	4,444007
	1283,010000	4,444248
	1284,010000	4,444427
	1285,010000	4,444632
	1286,010000	4,444869
	1287,010000	4,444990
	1288,010000	4,445224
	1289,010000	4,445374
	1290,010000	4,445595
	1291,010000	4,445914
	1292,010000	4,446100
	1293,010000	4,446389
	1294,010000	4,446653
	1295,010000	4,446903
	1296,010000	4,447226
	1297,010000	4,447528
	1298,010000	4,447776
	1299,010000	4,448124
	1300,010000	4,448482
	1301,010000	4,448762
	1302,010000	4,448593
	1303,010000	4,448661
	1304,010000	4,448947
	1305,010000	4,449250
	1306,010000	4,449507
	1307,010000	4,449569
	1308,010000	4,449637
	1309,010000	4,449862
	1310,010000	4,450187
	1311,010000	4,450353
	1312,010000	4,450611
	1313,010000	4,450754
	1314,010000	4,450887
	1315,010000	4,451278
	1316,010000	4,451480
	1317,010000	4,451554
	1318,010000	4,451798
	1319,010000	4,452163
	1320,010000	4,452866
	1321,010000	4,453175
	1322,010000	4,453283
	1323,010000	4,453439
	1324,010000	4,453533
	1325,010000	4,453888
	1326,010000	4,454200
	1327,010000	4,454471
	1328,010000	4,454724
	1329,010000	4,454584
	1330,010000	4,454929
	1331,010000	4,455301
	1332,010000	4,454998
	1333,010000	4,455727
	1334,010000	4,455977
	1335,010000	4,456173
	1336,010000	4,456384
	1337,010000	4,456674
	1338,010000	4,456827
	1339,010000	4,457218
	1340,010000	4,457410
	1341,010000	4,457377
	1342,010000	4,457872
	1343,010000	4,458135
	1344,010000	4,458295
	1345,010000	4,458480
	1346,010000	4,458604
	1347,010000	4,458656
	1348,010000	4,459187
	1349,010000	4,459304
	1350,010000	4,459564
	1351,010000	4,459727
	1352,010000	4,459990
	1353,010000	4,460147
	1354,010000	4,460209
	1355,010000	4,460244
	1356,010000	4,460397
	1357,010000	4,460687
	1358,010000	4,460876
	1359,010000	4,460876
	1360,010000	4,461139
	1361,010000	4,461458
	1362,010000	4,461576
	1363,010000	4,461878
	1364,010000	4,461950
	1365,010000	4,462155
	1366,010000	4,462226
	1367,010000	4,462597
	1368,010000	4,462630
	1369,010000	4,462894
	1370,010000	4,463164
	1371,010000	4,463190
	1372,010000	4,462851
	1373,010000	4,463157
	1374,010000	4,463466
	1375,010000	4,463587
	1376,010000	4,463883
	1377,010000	4,464020
	1378,010000	4,464215
	1379,010000	4,464443
	1380,010000	4,464677
	1381,010000	4,464895
	1382,010000	4,465032
	1383,010000	4,465188
	1384,010000	4,465481
	1385,010000	4,465657
	1386,010000	4,465907
	1387,010000	4,466207
	1388,010000	4,466402
	1389,010000	4,466545
	1390,010000	4,466838
	1391,010000	4,467157
	1392,010000	4,467460
	1393,010000	4,467616
	1394,010000	4,467756
	1395,010000	4,467903
	1396,010000	4,468189
	1397,010000	4,468397
	1398,010000	4,468622
	1399,010000	4,468726
	1400,010000	4,468970
	1401,010000	4,469110
	1402,010000	4,469387
	1403,010000	4,469478
	1404,010000	4,469901
	1405,010000	4,470194
	1406,010000	4,470428
	1407,010000	4,470532
	1408,010000	4,470796
	1409,010000	4,470998
	1410,010000	4,471053
	1411,010000	4,471326
	1412,010000	4,471600
	1413,010000	4,471743
	1414,010000	4,471873
	1415,010000	4,471997
	1416,010000	4,472300
	1417,010000	4,472511
	1418,010000	4,473019
	1419,010000	4,473331
	1420,010000	4,473650
	1421,010000	4,473741
	1422,010000	4,473722
	1423,010000	4,474126
	1424,010000	4,474539
	1425,010000	4,474855
	1426,010000	4,474900
	1427,010000	4,475076
	1428,010000	4,475180
	1429,010000	4,475255
	1430,010000	4,474968
	1431,010000	4,474604
	1432,010000	4,473468
	1433,010000	4,471893
	1434,010000	4,468960
	1435,010000	4,465807
	1436,010000	4,461842
	1437,010000	4,456658
	1438,010000	4,450565
	1439,010000	4,443362
	1440,010000	4,435138
	1441,010000	4,425696
	1442,010000	4,414946
	1443,010000	4,403040
	1444,010000	4,390109
	1445,010000	4,375639
	1446,010000	4,360124
	1447,010000	4,343278
	1448,010000	4,325110
	1449,010000	4,305091
	1450,010000	4,284010
	1451,010000	4,261758
	1452,010000	4,237804
	1453,010000	4,212388
	1454,010000	4,185453
	1455,010000	4,157176
	1456,010000	4,127305
	1457,010000	4,096193
	1458,010000	4,063370
	1459,010000	4,029215
	1460,010000	3,993414
	1461,010000	3,956457
	1462,010000	3,918029
	1463,010000	3,878134
	1464,010000	3,836747
	1465,010000	3,793851
	1466,010000	3,750199
	1467,010000	3,705187
	1468,010000	3,659101
	1469,010000	3,612041
	1470,010000	3,563863
	1471,010000	3,514772
	1472,010000	3,464950
	1473,010000	3,414389
	1474,010000	3,363072
	1475,010000	3,311053
	1476,010000	3,258360
	1477,010000	3,205263
	1478,010000	3,151694
	1479,010000	3,097973
	1480,010000	3,044241
	1481,010000	2,990419
	1482,010000	2,936785
	1483,010000	2,883308
	1484,010000	2,830045
	1485,010000	2,776968
	1486,010000	2,723949
	1487,010000	2,671230
	1488,010000	2,618609
	1489,010000	2,566446
	1490,010000	2,514967
	1491,010000	2,463930
	1492,010000	2,413512
	1493,010000	2,363836
	1494,010000	2,314704
	1495,010000	2,266551
	1496,010000	2,218795
	1497,010000	2,172423
	1498,010000	2,126779
	1499,010000	2,081842
	1500,010000	2,037927
	1501,010000	1,994887
	1502,010000	1,952488
	1503,010000	1,911112
	1504,010000	1,870396
	1505,010000	1,830699
	1506,010000	1,791773
	1507,010000	1,753781
	1508,010000	1,716772
	1509,010000	1,680473
	1510,010000	1,645117
	1511,010000	1,610494
	1512,010000	1,576681
	1513,010000	1,543500
	1514,010000	1,511002
	1515,010000	1,479393
	1516,010000	1,448584
	1517,010000	1,418439
	1518,010000	1,388994
	1519,010000	1,360252
	1520,010000	1,332070
	1521,010000	1,304747
	1522,010000	1,278147
	1523,010000	1,252142
	1524,010000	1,226892
	1525,010000	1,202205
	1526,010000	1,178385
	1527,010000	1,154993
	1528,010000	1,132025
	1529,010000	1,109799
	1530,010000	1,087989
	1531,010000	1,066508
	1532,010000	1,045796
	1533,010000	1,025942
	1534,010000	1,007212
	1535,010000	0,989386
	1536,010000	0,972699
	1537,010000	0,957510
	1538,010000	0,943873
	1539,010000	0,931388
	1540,010000	0,920419
	1541,010000	0,910698
	1542,010000	0,902252
	1543,010000	0,895196
	1544,010000	0,889334
	1545,010000	0,884696
	1546,010000	0,881070
	1547,010000	0,878623
	1548,010000	0,877038
	1549,010000	0,876777
	1550,010000	0,877246
	1551,010000	0,878639
	1552,010000	0,880813
	1553,010000	0,883843
	1554,010000	0,887518
	1555,010000	0,891957
	1556,010000	0,897142
	1557,010000	0,902877
	1558,010000	0,909217
	1559,010000	0,916136
	1560,010000	0,923462
	1561,010000	0,931130
	1562,010000	0,939397
	1563,010000	0,947951
	1564,010000	0,957038
	1565,010000	0,966460
	1566,010000	0,976126
	1567,010000	0,986177
	1568,010000	0,996484
	1569,010000	1,007231
	1570,010000	1,018076
	1571,010000	1,029177
	1572,010000	1,040432
	1573,010000	1,051879
	1574,010000	1,063739
	1575,010000	1,075833
	1576,010000	1,087748
	1577,010000	1,099960
	1578,010000	1,112458
	1579,010000	1,124972
	1580,010000	1,137857
	1581,010000	1,150723
	1582,010000	1,164002
	1583,010000	1,177219
	1584,010000	1,190733
	1585,010000	1,204061
	1586,010000	1,217584
	1587,010000	1,231201
	1588,010000	1,244669
	1589,010000	1,258397
	1590,010000	1,272021
	1591,010000	1,285496
	1592,010000	1,298915
	1593,010000	1,312711
	1594,010000	1,326706
	1595,010000	1,340776
	1596,010000	1,354781
	1597,010000	1,368854
	1598,010000	1,382924
	1599,010000	1,396871
	1600,010000	1,411006
	1601,010000	1,425118
	1602,010000	1,439168
	1603,010000	1,453199
	1604,010000	1,467298
	1605,010000	1,481326
	1606,010000	1,495344
	1607,010000	1,509368
	1608,010000	1,523357
	1609,010000	1,537563
	1610,010000	1,551747
	1611,010000	1,566026
	1612,010000	1,580268
	1613,010000	1,594305
	1614,010000	1,608470
	1615,010000	1,622631
	1616,010000	1,636746
	1617,010000	1,650745
	1618,010000	1,664847
	1619,010000	1,678891
	1620,010000	1,692928
	1621,010000	1,706989
	1622,010000	1,720951
	1623,010000	1,734588
	1624,010000	1,748407
	1625,010000	1,762045
	1626,010000	1,775675
	1627,010000	1,789250
	1628,010000	1,803050
	1629,010000	1,816391
	1630,010000	1,830048
	1631,010000	1,843594
	1632,010000	1,856840
	1633,010000	1,870311
	1634,010000	1,883613
	1635,010000	1,896983
	1636,010000	1,910243
	1637,010000	1,923281
	1638,010000	1,935958
	1639,010000	1,948924
	1640,010000	1,961719
	1641,010000	1,974825
	1642,010000	1,987906
	1643,010000	2,000788
	1644,010000	2,013481
	1645,010000	2,025491
	1646,010000	2,036856
	1647,010000	2,046919
	1648,010000	2,055658
	1649,010000	2,062356
	1650,010000	2,067281
	1651,010000	2,069888
	1652,010000	2,070207
	1653,010000	2,068273
	1654,010000	2,064055
	1655,010000	2,057575
	1656,010000	2,048960
	1657,010000	2,038102
	1658,010000	2,025452
	1659,010000	2,010587
	1660,010000	1,993735
	1661,010000	1,975515
	1662,010000	1,955424
	1663,010000	1,933973
	1664,010000	1,911213
	1665,010000	1,887261
	1666,010000	1,862070
	1667,010000	1,835922
	1668,010000	1,808638
	1669,010000	1,780824
	1670,010000	1,752456
	1671,010000	1,723285
	1672,010000	1,693911
	1673,010000	1,664313
	1674,010000	1,634624
	1675,010000	1,604750
	1676,010000	1,574995
	1677,010000	1,545261
	1678,010000	1,515588
	1679,010000	1,486228
	1680,010000	1,457027
	1681,010000	1,428041
	1682,010000	1,399331
	1683,010000	1,370846
	1684,010000	1,342771
	1685,010000	1,314967
	1686,010000	1,287715
	1687,010000	1,260949
	1688,010000	1,234518
	1689,010000	1,208682
	1690,010000	1,183468
	1691,010000	1,158775
	1692,010000	1,134316
	1693,010000	1,110421
	1694,010000	1,087055
	1695,010000	1,064077
	1696,010000	1,041731
	1697,010000	1,019924
	1698,010000	0,998889
	1699,010000	0,978134
	1700,010000	0,957949
	1701,010000	0,938366
	1702,010000	0,919179
	1703,010000	0,900436
	1704,010000	0,882330
	1705,010000	0,864673
	1706,010000	0,847446
	1707,010000	0,830717
	1708,010000	0,814405
	1709,010000	0,798493
	1710,010000	0,782932
	1711,010000	0,767831
	1712,010000	0,753110
	1713,010000	0,738819
	1714,010000	0,724817
	1715,010000	0,711313
	1716,010000	0,698041
	1717,010000	0,684980
	1718,010000	0,672492
	1719,010000	0,660342
	1720,010000	0,648563
	1721,010000	0,637019
	1722,010000	0,625764
	1723,010000	0,614790
	1724,010000	0,604101
	1725,010000	0,593784
	1726,010000	0,583668
	1727,010000	0,573748
	1728,010000	0,564072
	1729,010000	0,554702
	1730,010000	0,545677
	1731,010000	0,536785
	1732,010000	0,528306
	1733,010000	0,519867
	1734,010000	0,511789
	1735,010000	0,503932
	1736,010000	0,496245
	1737,010000	0,488772
	1738,010000	0,481407
	1739,010000	0,474331
	1740,010000	0,467337
	1741,010000	0,460564
	1742,010000	0,453859
	1743,010000	0,447425
	1744,010000	0,441019
	1745,010000	0,434793
	1746,010000	0,428792
	1747,010000	0,422826
	1748,010000	0,416941
	1749,010000	0,411242
	1750,010000	0,405609
	1751,010000	0,400072
	1752,010000	0,394692
	1753,010000	0,389534
	1754,010000	0,384453
	1755,010000	0,379454
	1756,010000	0,374640
	1757,010000	0,369892
	1758,010000	0,365313
	1759,010000	0,360805
	1760,010000	0,356486
	1761,010000	0,352239
	1762,010000	0,348043
	1763,010000	0,344170
	1764,010000	0,340398
	1765,010000	0,336893
	1766,010000	0,333570
	1767,010000	0,330439
	1768,010000	0,327529
	1769,010000	0,324886
	1770,010000	0,322449
	1771,010000	0,320385
	1772,010000	0,318481
	1773,010000	0,316903
	1774,010000	0,315464
	1775,010000	0,314335
	1776,010000	0,313345
	1777,010000	0,312691
	1778,010000	0,312030
	1779,010000	0,311721
	1780,010000	0,311451
	1781,010000	0,311314
	1782,010000	0,311282
	1783,010000	0,311445
	1784,010000	0,311633
	1785,010000	0,311926
	1786,010000	0,312209
	1787,010000	0,312444
	1788,010000	0,312662
	1789,010000	0,312961
	1790,010000	0,313183
	1791,010000	0,313326
	1792,010000	0,313414
	1793,010000	0,313537
	1794,010000	0,313557
	1795,010000	0,313528
	1796,010000	0,313397
	1797,010000	0,313436
	1798,010000	0,313218
	1799,010000	0,313010
	1800,010000	0,312675
	1801,010000	0,312353
	1802,010000	0,311991
	1803,010000	0,311542
	1804,010000	0,311070
	1805,010000	0,310621
	1806,010000	0,310130
	1807,010000	0,309703
	1808,010000	0,309306
	1809,010000	0,308769
	1810,010000	0,308291
	1811,010000	0,307903
	1812,010000	0,307503
	1813,010000	0,307337
	1814,010000	0,307083
	1815,010000	0,306888
	1816,010000	0,306777
	1817,010000	0,306507
	1818,010000	0,306465
	1819,010000	0,306348
	1820,010000	0,306370
	1821,010000	0,306494
	1822,010000	0,306615
	1823,010000	0,306589
	1824,010000	0,306673
	1825,010000	0,306794
	1826,010000	0,306963
	1827,010000	0,307064
	1828,010000	0,307080
	1829,010000	0,307080
	1830,010000	0,307152
	1831,010000	0,307204
	1832,010000	0,307236
	1833,010000	0,307272
	1834,010000	0,307262
	1835,010000	0,307282
	1836,010000	0,307187
	1837,010000	0,307152
	1838,010000	0,307200
	1839,010000	0,307067
	1840,010000	0,306992
	1841,010000	0,306842
	1842,010000	0,306680
	1843,010000	0,306589
	1844,010000	0,306393
	1845,010000	0,306289
	1846,010000	0,306335
	1847,010000	0,306279
	1848,010000	0,306227
	1849,010000	0,306133
	1850,010000	0,306068
	1851,010000	0,305827
	1852,010000	0,305794
	1853,010000	0,305654
	1854,010000	0,305570
	1855,010000	0,305521
	1856,010000	0,305485
	1857,010000	0,305417
	1858,010000	0,305368
	1859,010000	0,305251
	1860,010000	0,305111
	1861,010000	0,305160
	1862,010000	0,305072
	1863,010000	0,305052
	1864,010000	0,305062
	1865,010000	0,305091
	1866,010000	0,305163
	1867,010000	0,305196
	1868,010000	0,305378
	1869,010000	0,305475
	1870,010000	0,305547
	1871,010000	0,305615
	1872,010000	0,305886
	1873,010000	0,305954
	1874,010000	0,306009
	1875,010000	0,305983
	1876,010000	0,306143
	1877,010000	0,306019
	1878,010000	0,306035
	1879,010000	0,305876
	1880,010000	0,305918
	1881,010000	0,305820
	1882,010000	0,305876
	1883,010000	0,305739
	1884,010000	0,305671
	1885,010000	0,305482
	1886,010000	0,305420
	1887,010000	0,305401
	1888,010000	0,305296
	1889,010000	0,305339
	1890,010000	0,305189
	1891,010000	0,305046
	1892,010000	0,305007
	1893,010000	0,304964
	1894,010000	0,304935
	1895,010000	0,304942
	1896,010000	0,304942
	1897,010000	0,304916
	1898,010000	0,304961
	1899,010000	0,304883
	1900,010000	0,304828
	1901,010000	0,304851
	1902,010000	0,304779
	1903,010000	0,304805
	1904,010000	0,304714
	1905,010000	0,304681
	1906,010000	0,304838
	1907,010000	0,304772
	1908,010000	0,304789
	1909,010000	0,304792
	1910,010000	0,304834
	1911,010000	0,304805
	1912,010000	0,304929
	1913,010000	0,304948
	1914,010000	0,304961
	1915,010000	0,304984
	1916,010000	0,305062
	1917,010000	0,304938
	1918,010000	0,304893
	1919,010000	0,304971
	1920,010000	0,304808
	1921,010000	0,304795
	1922,010000	0,304717
	1923,010000	0,304681
	1924,010000	0,304759
	1925,010000	0,304870
	1926,010000	0,304841
	1927,010000	0,304798
	1928,010000	0,304841
	1929,010000	0,304825
	1930,010000	0,304815
	1931,010000	0,304746
	1932,010000	0,304798
	1933,010000	0,304838
	1934,010000	0,304649
	1935,010000	0,304593
	1936,010000	0,304593
	1937,010000	0,304476
	1938,010000	0,304421
	1939,010000	0,304353
	1940,010000	0,304340
	1941,010000	0,304317
	1942,010000	0,304148
	1943,010000	0,304122
	1944,010000	0,304021
	1945,010000	0,304060
	1946,010000	0,303991
	1947,010000	0,304066
	1948,010000	0,304014
	1949,010000	0,304073
	1950,010000	0,304034
	1951,010000	0,304102
	1952,010000	0,304187
	1953,010000	0,304245
	1954,010000	0,304226
	1955,010000	0,304242
	1956,010000	0,304284
	1957,010000	0,304232
	1958,010000	0,304180
	1959,010000	0,304170
	1960,010000	0,304105
	1961,010000	0,304112
	1962,010000	0,304148
	1963,010000	0,304131
	1964,010000	0,304021
	1965,010000	0,303962
	1966,010000	0,303894
	1967,010000	0,303845
	1968,010000	0,303760
	1969,010000	0,303695
	1970,010000	0,303676
	1971,010000	0,303676
	1972,010000	0,303734
	1973,010000	0,303777
	1974,010000	0,303744
	1975,010000	0,303809
	1976,010000	0,303744
	1977,010000	0,303747
	1978,010000	0,303728
	1979,010000	0,303666
	1980,010000	0,303650
	1981,010000	0,303523
	1982,010000	0,303539
	1983,010000	0,303422
	1984,010000	0,303461
	1985,010000	0,303412
	1986,010000	0,303353
	1987,010000	0,303305
	1988,010000	0,303230
	1989,010000	0,303249
	1990,010000	0,303165
	1991,010000	0,303266
	1992,010000	0,303142
	1993,010000	0,303204
	1994,010000	0,303174
	1995,010000	0,302953
	1996,010000	0,303083
	1997,010000	0,302989
	1998,010000	0,302917
	1999,010000	0,302917
	2000,010000	0,302875
	2001,010000	0,302784
	2002,010000	0,302732
	2003,010000	0,302777
	2004,010000	0,302680
	2005,010000	0,302618
	2006,010000	0,302628
	2007,010000	0,302598
	2008,010000	0,302598
	2009,010000	0,302654
	2010,010000	0,302657
	2011,010000	0,302670
	2012,010000	0,302670
	2013,010000	0,302715
