	0,010000	0,811974
	1,010000	0,795674
	2,010000	0,779753
	3,010000	0,764342
	4,010000	0,749302
	5,010000	0,734721
	6,010000	0,720547
	7,010000	0,706786
	8,010000	0,693640
	9,010000	0,681006
	10,010000	0,668765
	11,010000	0,657165
	12,010000	0,646119
	13,010000	0,635994
	14,010000	0,626532
	15,010000	0,617624
	16,010000	0,609582
	17,010000	0,602321
	18,010000	0,595704
	19,010000	0,589963
	20,010000	0,584892
	21,010000	0,580375
	22,010000	0,576603
	23,010000	0,573550
	24,010000	0,571079
	25,010000	0,569192
	26,010000	0,567779
	27,010000	0,566852
	28,010000	0,566344
	29,010000	0,566119
	30,010000	0,566188
	31,010000	0,566611
	32,010000	0,567112
	33,010000	0,567838
	34,010000	0,568489
	35,010000	0,569120
	36,010000	0,569735
	37,010000	0,570301
	38,010000	0,570653
	39,010000	0,570838
	40,010000	0,570881
	41,010000	0,570718
	42,010000	0,570331
	43,010000	0,569908
	44,010000	0,569114
	45,010000	0,568323
	46,010000	0,567223
	47,010000	0,565989
	48,010000	0,564752
	49,010000	0,563382
	50,010000	0,561846
	51,010000	0,560336
	52,010000	0,558917
	53,010000	0,557358
	54,010000	0,556069
	55,010000	0,554673
	56,010000	0,553442
	57,010000	0,552349
	58,010000	0,551291
	59,010000	0,550386
	60,010000	0,549569
	61,010000	0,548990
	62,010000	0,548557
	63,010000	0,548258
	64,010000	0,548202
	65,010000	0,548111
	66,010000	0,548319
	67,010000	0,548534
	68,010000	0,548733
	69,010000	0,549280
	70,010000	0,549781
	71,010000	0,550262
	72,010000	0,550829
	73,010000	0,551392
	74,010000	0,551987
	75,010000	0,552518
	76,010000	0,552905
	77,010000	0,553322
	78,010000	0,553735
	79,010000	0,554022
	80,010000	0,554168
	81,010000	0,554191
	82,010000	0,554155
	83,010000	0,554044
	84,010000	0,553856
	85,010000	0,553566
	86,010000	0,553247
	87,010000	0,552935
	88,010000	0,552482
	89,010000	0,552105
	90,010000	0,551486
	91,010000	0,550975
	92,010000	0,550435
	93,010000	0,549957
	94,010000	0,549540
	95,010000	0,549074
	96,010000	0,548707
	97,010000	0,548329
	98,010000	0,547952
	99,010000	0,547786
	100,010000	0,547502
	101,010000	0,547447
	102,010000	0,547304
	103,010000	0,547271
	104,010000	0,547297
	105,010000	0,547346
	106,010000	0,547431
	107,010000	0,547616
	108,010000	0,547646
	109,010000	0,547942
	110,010000	0,548199
	111,010000	0,548433
	112,010000	0,548736
	113,010000	0,548938
	114,010000	0,549166
	115,010000	0,549254
	116,010000	0,549569
	117,010000	0,549605
	118,010000	0,549696
	119,010000	0,549745
	120,010000	0,549738
	121,010000	0,549725
	122,010000	0,549696
	123,010000	0,549550
	124,010000	0,549472
	125,010000	0,549293
	126,010000	0,549055
	127,010000	0,548954
	128,010000	0,548723
	129,010000	0,548550
	130,010000	0,548404
	131,010000	0,548082
	132,010000	0,547987
	133,010000	0,547623
	134,010000	0,547571
	135,010000	0,547297
	136,010000	0,547161
	137,010000	0,546900
	138,010000	0,546819
	139,010000	0,546666
	140,010000	0,546770
	141,010000	0,546803
	142,010000	0,546900
	143,010000	0,547005
	144,010000	0,547005
	145,010000	0,547079
	146,010000	0,547255
	147,010000	0,547392
	148,010000	0,547581
	149,010000	0,547639
	150,010000	0,547727
	151,010000	0,547831
	152,010000	0,547909
	153,010000	0,548046
	154,010000	0,548059
	155,010000	0,548036
	156,010000	0,548127
	157,010000	0,548137
	158,010000	0,548127
	159,010000	0,548069
	160,010000	0,548248
	161,010000	0,548267
	162,010000	0,548284
	163,010000	0,548388
	164,010000	0,548313
	165,010000	0,548407
	166,010000	0,548306
	167,010000	0,548251
	168,010000	0,548192
	169,010000	0,547965
	170,010000	0,547887
	171,010000	0,547747
	172,010000	0,547678
	173,010000	0,547441
	174,010000	0,547376
	175,010000	0,547307
	176,010000	0,547180
	177,010000	0,547131
	178,010000	0,546982
	179,010000	0,546897
	180,010000	0,546663
	181,010000	0,546773
	182,010000	0,546826
	183,010000	0,546760
	184,010000	0,546770
	185,010000	0,546673
	186,010000	0,546653
	187,010000	0,546614
	188,010000	0,546533
	189,010000	0,546581
	190,010000	0,546572
	191,010000	0,546448
	192,010000	0,546347
	193,010000	0,546331
	194,010000	0,546315
	195,010000	0,546321
	196,010000	0,546197
	197,010000	0,546132
	198,010000	0,546158
	199,010000	0,546070
	200,010000	0,545999
	201,010000	0,545976
	202,010000	0,546031
	203,010000	0,545976
	204,010000	0,546044
	205,010000	0,546061
	206,010000	0,546002
	207,010000	0,546054
	208,010000	0,546077
	209,010000	0,546061
	210,010000	0,546028
	211,010000	0,545898
	212,010000	0,545973
	213,010000	0,545917
	214,010000	0,545885
	215,010000	0,545882
	216,010000	0,545781
	217,010000	0,545882
	218,010000	0,545664
	219,010000	0,545654
	220,010000	0,545657
	221,010000	0,545533
	222,010000	0,545533
	223,010000	0,545442
	224,010000	0,545462
	225,010000	0,545556
	226,010000	0,545569
	227,010000	0,545706
	228,010000	0,545654
	229,010000	0,545664
	230,010000	0,545644
	231,010000	0,545830
	232,010000	0,545810
	233,010000	0,545810
	234,010000	0,545722
	235,010000	0,545791
	236,010000	0,545742
	237,010000	0,545878
	238,010000	0,545826
	239,010000	0,545781
	240,010000	0,545725
	241,010000	0,545677
	242,010000	0,545664
	243,010000	0,545566
	244,010000	0,545664
	245,010000	0,545449
	246,010000	0,545507
	247,010000	0,545498
	248,010000	0,545410
	249,010000	0,545517
	250,010000	0,545657
	251,010000	0,545628
	252,010000	0,545631
	253,010000	0,545615
	254,010000	0,545595
	255,010000	0,545615
	256,010000	0,545553
	257,010000	0,545579
	258,010000	0,545553
	259,010000	0,545654
	260,010000	0,545572
	261,010000	0,545517
	262,010000	0,545530
	263,010000	0,545696
	264,010000	0,545657
	265,010000	0,545647
	266,010000	0,545758
	267,010000	0,545781
	268,010000	0,545810
	269,010000	0,545804
	270,010000	0,545823
	271,010000	0,545781
	272,010000	0,545823
	273,010000	0,545843
	274,010000	0,545755
	275,010000	0,545774
	276,010000	0,545696
	277,010000	0,545719
	278,010000	0,545651
	279,010000	0,545543
	280,010000	0,545485
	281,010000	0,545429
	282,010000	0,545452
	283,010000	0,545345
	284,010000	0,545312
	285,010000	0,545234
	286,010000	0,545201
	287,010000	0,545143
	288,010000	0,545110
	289,010000	0,545068
	290,010000	0,545120
	291,010000	0,545280
	292,010000	0,545234
	293,010000	0,545374
	294,010000	0,545416
	295,010000	0,545501
	296,010000	0,545576
	297,010000	0,545651
	298,010000	0,545605
	299,010000	0,545654
	300,010000	0,545641
	301,010000	0,545589
	302,010000	0,545462
	303,010000	0,545494
	304,010000	0,545393
	305,010000	0,545345
	306,010000	0,545341
	307,010000	0,545374
	308,010000	0,545371
	309,010000	0,545400
	310,010000	0,545481
	311,010000	0,545462
	312,010000	0,545520
	313,010000	0,545585
	314,010000	0,545602
	315,010000	0,545550
	316,010000	0,545699
	317,010000	0,545751
	318,010000	0,545634
	319,010000	0,545735
	320,010000	0,545638
	321,010000	0,545722
	322,010000	0,545641
	323,010000	0,545530
	324,010000	0,545371
	325,010000	0,545267
	326,010000	0,545094
	327,010000	0,545029
	328,010000	0,545000
	329,010000	0,544892
	330,010000	0,544808
	331,010000	0,544664
	332,010000	0,544515
	333,010000	0,544629
	334,010000	0,544508
	335,010000	0,544456
	336,010000	0,544372
	337,010000	0,544394
	338,010000	0,544352
	339,010000	0,544342
	340,010000	0,544372
	341,010000	0,544411
	342,010000	0,544459
	343,010000	0,544450
	344,010000	0,544450
	345,010000	0,544459
	346,010000	0,544381
	347,010000	0,544404
	348,010000	0,544326
	349,010000	0,544398
	350,010000	0,544352
	351,010000	0,544440
	352,010000	0,544437
	353,010000	0,544498
	354,010000	0,544459
	355,010000	0,544414
	356,010000	0,544482
	357,010000	0,544453
	358,010000	0,544414
	359,010000	0,544567
	360,010000	0,544648
	361,010000	0,544743
	362,010000	0,545104
	363,010000	0,545625
	364,010000	0,546305
	365,010000	0,547105
	366,010000	0,548147
	367,010000	0,549439
	368,010000	0,550904
	369,010000	0,552798
	370,010000	0,554819
	371,010000	0,557172
	372,010000	0,559750
	373,010000	0,562598
	374,010000	0,565598
	375,010000	0,568944
	376,010000	0,572541
	377,010000	0,576384
	378,010000	0,580261
	379,010000	0,584469
	380,010000	0,588778
	381,010000	0,593514
	382,010000	0,598240
	383,010000	0,603196
	384,010000	0,608355
	385,010000	0,613735
	386,010000	0,619174
	387,010000	0,624866
	388,010000	0,630627
	389,010000	0,636762
	390,010000	0,643079
	391,010000	0,649497
	392,010000	0,656101
	393,010000	0,662877
	394,010000	0,669702
	395,010000	0,676632
	396,010000	0,683681
	397,010000	0,690767
	398,010000	0,697803
	399,010000	0,704876
	400,010000	0,712202
	401,010000	0,719440
	402,010000	0,726942
	403,010000	0,734421
	404,010000	0,741829
	405,010000	0,749442
	406,010000	0,757133
	407,010000	0,764914
	408,010000	0,772423
	409,010000	0,780107
	410,010000	0,787876
	411,010000	0,795586
	412,010000	0,803495
	413,010000	0,811372
	414,010000	0,819342
	415,010000	0,827482
	416,010000	0,835726
	417,010000	0,844009
	418,010000	0,852289
	419,010000	0,860826
	420,010000	0,869194
	421,010000	0,877458
	422,010000	0,885858
	423,010000	0,894304
	424,010000	0,902587
	425,010000	0,911134
	426,010000	0,919472
	427,010000	0,927957
	428,010000	0,936380
	429,010000	0,945168
	430,010000	0,953946
	431,010000	0,962724
	432,010000	0,971625
	433,010000	0,980462
	434,010000	0,989324
	435,010000	0,998102
	436,010000	1,006828
	437,010000	1,015723
	438,010000	1,024676
	439,010000	1,033395
	440,010000	1,042395
	441,010000	1,051293
	442,010000	1,060165
	443,010000	1,069050
	444,010000	1,078010
	445,010000	1,086870
	446,010000	1,095892
	447,010000	1,104643
	448,010000	1,113665
	449,010000	1,122375
	450,010000	1,131348
	451,010000	1,140230
	452,010000	1,148995
	453,010000	1,157773
	454,010000	1,166570
	455,010000	1,175393
	456,010000	1,184129
	457,010000	1,193089
	458,010000	1,202134
	459,010000	1,211087
	460,010000	1,220184
	461,010000	1,229278
	462,010000	1,238352
	463,010000	1,247377
	464,010000	1,256438
	465,010000	1,265301
	466,010000	1,274417
	467,010000	1,283449
	468,010000	1,292409
	469,010000	1,301473
	470,010000	1,310430
	471,010000	1,319286
	472,010000	1,328327
	473,010000	1,337287
	474,010000	1,346417
	475,010000	1,355432
	476,010000	1,364656
	477,010000	1,373818
	478,010000	1,383028
	479,010000	1,391725
	480,010000	1,400766
	481,010000	1,410124
	482,010000	1,419276
	483,010000	1,428340
	484,010000	1,437209
	485,010000	1,446276
	486,010000	1,455178
	487,010000	1,464301
	488,010000	1,473196
	489,010000	1,482188
	490,010000	1,491324
	491,010000	1,500330
	492,010000	1,509219
	493,010000	1,518280
	494,010000	1,527393
	495,010000	1,536642
	496,010000	1,545788
	497,010000	1,554855
	498,010000	1,564141
	499,010000	1,573358
	500,010000	1,582615
	501,010000	1,591728
	502,010000	1,601088
	0,010000	1,630790
	1,010000	1,607653
	2,010000	1,583516
	3,010000	1,558839
	4,010000	1,533498
	5,010000	1,507637
	6,010000	1,481352
	7,010000	1,455087
	8,010000	1,428447
	9,010000	1,401857
	10,010000	1,375123
	11,010000	1,348343
	12,010000	1,321606
	13,010000	1,295214
	14,010000	1,269073
	15,010000	1,243068
	16,010000	1,217444
	17,010000	1,191992
	18,010000	1,167123
	19,010000	1,142346
	20,010000	1,118043
	21,010000	1,094089
	22,010000	1,070437
	23,010000	1,047348
	24,010000	1,024634
	25,010000	1,002509
	26,010000	0,980774
	27,010000	0,959606
	28,010000	0,938851
	29,010000	0,918743
	30,010000	0,898968
	31,010000	0,879801
	32,010000	0,860979
	33,010000	0,842861
	34,010000	0,825145
	35,010000	0,807974
	36,010000	0,791479
	37,010000	0,775671
	38,010000	0,760504
	39,010000	0,746070
	40,010000	0,732368
	41,010000	0,719616
	42,010000	0,707466
	43,010000	0,696277
	44,010000	0,686028
	45,010000	0,676501
	46,010000	0,667873
	47,010000	0,660150
	48,010000	0,653322
	49,010000	0,647317
	50,010000	0,642178
	51,010000	0,637800
	52,010000	0,634090
	53,010000	0,631121
	54,010000	0,628641
	55,010000	0,626816
	56,010000	0,625527
	57,010000	0,624723
	58,010000	0,624326
	59,010000	0,624267
	60,010000	0,624475
	61,010000	0,624938
	62,010000	0,625602
	63,010000	0,626376
	64,010000	0,627066
	65,010000	0,627896
	66,010000	0,628680
	67,010000	0,629354
	68,010000	0,629784
	69,010000	0,630239
	70,010000	0,630565
	71,010000	0,630695
	72,010000	0,630637
	73,010000	0,630445
	74,010000	0,629999
	75,010000	0,629432
	76,010000	0,628781
	77,010000	0,627948
	78,010000	0,627066
	79,010000	0,625976
	80,010000	0,624873
	81,010000	0,623681
	82,010000	0,622461
	83,010000	0,621178
	84,010000	0,619906
	85,010000	0,618604
	86,010000	0,617351
	87,010000	0,616238
	88,010000	0,615079
	89,010000	0,614054
	90,010000	0,613100
	91,010000	0,612205
	92,010000	0,611532
	93,010000	0,610861
	94,010000	0,610337
	95,010000	0,609901
	96,010000	0,609618
	97,010000	0,609504
	98,010000	0,609494
	99,010000	0,609546
	100,010000	0,609647
	101,010000	0,609829
	102,010000	0,609995
	103,010000	0,610314
	104,010000	0,610741
	105,010000	0,610985
	106,010000	0,611499
	107,010000	0,611854
	108,010000	0,612235
	109,010000	0,612654
	110,010000	0,613094
	111,010000	0,613305
	112,010000	0,613774
	113,010000	0,614204
	114,010000	0,614611
	115,010000	0,614982
	116,010000	0,615372
	117,010000	0,615688
	118,010000	0,616023
	119,010000	0,616205
	120,010000	0,616371
	121,010000	0,616583
	122,010000	0,616674
	123,010000	0,616768
	124,010000	0,616628
	125,010000	0,616515
	126,010000	0,616410
	127,010000	0,616244
	128,010000	0,616049
	129,010000	0,616065
	130,010000	0,615860
	131,010000	0,615636
	132,010000	0,615454
	133,010000	0,615167
	134,010000	0,614946
	135,010000	0,614578
	136,010000	0,614285
	137,010000	0,614005
	138,010000	0,613706
	139,010000	0,613488
	140,010000	0,613214
	141,010000	0,613162
	142,010000	0,612892
	143,010000	0,612733
	144,010000	0,612742
	145,010000	0,612723
	146,010000	0,612671
	147,010000	0,612768
	148,010000	0,612957
	149,010000	0,613039
	150,010000	0,613055
	151,010000	0,613224
	152,010000	0,613205
	153,010000	0,613397
	154,010000	0,613331
	155,010000	0,613374
	156,010000	0,613273
	157,010000	0,613305
	158,010000	0,613247
	159,010000	0,613250
	160,010000	0,613143
	161,010000	0,613068
	162,010000	0,613074
	163,010000	0,612951
	164,010000	0,612827
	165,010000	0,612615
	166,010000	0,612557
	167,010000	0,612433
	168,010000	0,612274
	169,010000	0,612046
	170,010000	0,611948
	171,010000	0,611633
	172,010000	0,611486
	173,010000	0,611301
	174,010000	0,611167
	175,010000	0,611004
	176,010000	0,610926
	177,010000	0,610832
	178,010000	0,610604
	179,010000	0,610493
	180,010000	0,610438
	181,010000	0,610324
	182,010000	0,610217
	183,010000	0,610152
	184,010000	0,610015
	185,010000	0,609872
	186,010000	0,609637
	187,010000	0,609745
	188,010000	0,609598
	189,010000	0,609559
	190,010000	0,609624
	191,010000	0,609755
	192,010000	0,610165
	193,010000	0,610627
	194,010000	0,611187
	195,010000	0,611577
	196,010000	0,612183
	197,010000	0,612791
	198,010000	0,613729
	199,010000	0,614620
	200,010000	0,615659
	201,010000	0,616739
	202,010000	0,617488
	203,010000	0,618340
	204,010000	0,619323
	205,010000	0,620625
	206,010000	0,622021
	207,010000	0,623519
	0,010000	1,099277
	1,010000	1,108399
	2,010000	1,117669
	3,010000	1,127013
	4,010000	1,136419
	5,010000	1,145926
	6,010000	1,155543
	7,010000	1,164832
	8,010000	1,174284
	9,010000	1,183390
	10,010000	1,192367
	11,010000	1,200751
	12,010000	1,208503
	13,010000	1,215332
	14,010000	1,220959
	15,010000	1,225265
	16,010000	1,228174
	17,010000	1,229782
	18,010000	1,229838
	19,010000	1,228282
	20,010000	1,225323
	21,010000	1,220842
	22,010000	1,214983
	23,010000	1,207742
	24,010000	1,199146
	25,010000	1,189301
	26,010000	1,178293
	27,010000	1,166313
	28,010000	1,153350
	29,010000	1,139781
	30,010000	1,125369
	31,010000	1,110261
	32,010000	1,094381
	33,010000	1,078326
	34,010000	1,061656
	35,010000	1,045002
	36,010000	1,028029
	37,010000	1,010932
	38,010000	0,993737
	39,010000	0,976348
	40,010000	0,958896
	41,010000	0,941611
	42,010000	0,924260
	43,010000	0,906802
	44,010000	0,889764
	45,010000	0,872592
	46,010000	0,855674
	47,010000	0,838913
	48,010000	0,822470
	49,010000	0,806294
	50,010000	0,790503
	51,010000	0,775027
	52,010000	0,760019
	53,010000	0,745549
	54,010000	0,731616
	55,010000	0,718395
	56,010000	0,705823
	57,010000	0,694148
	58,010000	0,683294
	59,010000	0,673068
	60,010000	0,663779
	61,010000	0,655317
	62,010000	0,647564
	63,010000	0,640918
	64,010000	0,634851
	65,010000	0,629735
	66,010000	0,625338
	67,010000	0,621758
	68,010000	0,618894
	69,010000	0,616664
	70,010000	0,614998
	71,010000	0,613823
	72,010000	0,613231
	73,010000	0,613120
	74,010000	0,613299
	75,010000	0,613934
	76,010000	0,614679
	77,010000	0,615593
	78,010000	0,616905
	79,010000	0,618077
	80,010000	0,619274
	81,010000	0,620414
	82,010000	0,621507
	83,010000	0,622422
	84,010000	0,623203
	85,010000	0,623870
	86,010000	0,624179
	87,010000	0,624267
	88,010000	0,624270
	89,010000	0,623955
	90,010000	0,623310
	91,010000	0,622591
	92,010000	0,621579
	93,010000	0,620580
	94,010000	0,619297
	95,010000	0,617937
	96,010000	0,616401
	97,010000	0,614884
	98,010000	0,613318
	99,010000	0,611685
	100,010000	0,610171
	101,010000	0,608619
	102,010000	0,607226
	103,010000	0,605921
	104,010000	0,604834
	105,010000	0,604104
	106,010000	0,603359
	107,010000	0,602855
	108,010000	0,602506
	109,010000	0,602135
	110,010000	0,601953
	111,010000	0,601839
	112,010000	0,601927
	113,010000	0,602080
	114,010000	0,602344
	115,010000	0,602829
	116,010000	0,603213
	117,010000	0,603698
	118,010000	0,604228
	119,010000	0,604677
	120,010000	0,605146
	121,010000	0,605732
	122,010000	0,606217
	123,010000	0,606773
	124,010000	0,607206
	125,010000	0,607672
	126,010000	0,608062
	127,010000	0,608459
	128,010000	0,608599
	129,010000	0,608668
	130,010000	0,608567
	131,010000	0,608524
	132,010000	0,608388
	133,010000	0,608075
	134,010000	0,607867
	135,010000	0,607441
	136,010000	0,607017
	137,010000	0,606666
	138,010000	0,606272
	139,010000	0,605813
	140,010000	0,605367
	141,010000	0,604928
	142,010000	0,604498
	143,010000	0,604228
	144,010000	0,603730
	145,010000	0,603483
	146,010000	0,603187
	147,010000	0,602995
	148,010000	0,602825
	149,010000	0,602630
	150,010000	0,602565
	151,010000	0,602519
	152,010000	0,602493
	153,010000	0,602568
	154,010000	0,602542
	155,010000	0,602692
	156,010000	0,602695
	157,010000	0,602790
	158,010000	0,602887
	159,010000	0,603141
	160,010000	0,603278
	161,010000	0,603512
	162,010000	0,603717
	163,010000	0,603870
	164,010000	0,604121
	165,010000	0,604189
	166,010000	0,604296
	167,010000	0,604355
	168,010000	0,604462
	169,010000	0,604573
	170,010000	0,604554
	171,010000	0,604625
	172,010000	0,604586
	173,010000	0,604567
	174,010000	0,604485
	175,010000	0,604427
	176,010000	0,604349
	177,010000	0,604261
	178,010000	0,604104
	179,010000	0,604095
	180,010000	0,603958
	181,010000	0,603805
	182,010000	0,603704
	183,010000	0,603571
	184,010000	0,603454
	185,010000	0,603288
	186,010000	0,603174
	187,010000	0,603105
	188,010000	0,603131
	189,010000	0,603086
	190,010000	0,603144
	191,010000	0,603138
	192,010000	0,603105
	193,010000	0,603079
	194,010000	0,603037
	195,010000	0,603030
	196,010000	0,603047
	197,010000	0,603112
	198,010000	0,603190
	199,010000	0,603340
	200,010000	0,603574
	201,010000	0,603662
	202,010000	0,603756
	203,010000	0,603997
	204,010000	0,604209
	205,010000	0,604528
	206,010000	0,604700
	207,010000	0,604960
	208,010000	0,605081
	209,010000	0,605152
	210,010000	0,605244
	211,010000	0,605231
	212,010000	0,605231
	213,010000	0,605331
	214,010000	0,605338
	215,010000	0,605416
	216,010000	0,605413
	217,010000	0,605432
	218,010000	0,605488
	219,010000	0,605458
	220,010000	0,605354
	221,010000	0,605283
	222,010000	0,605201
	223,010000	0,605068
	224,010000	0,605078
	225,010000	0,604964
	226,010000	0,604791
	227,010000	0,604755
	228,010000	0,604710
	229,010000	0,604684
	230,010000	0,604498
	231,010000	0,604456
	232,010000	0,604368
	233,010000	0,604280
	234,010000	0,604267
	235,010000	0,604192
	236,010000	0,604062
	237,010000	0,604088
	238,010000	0,603965
	239,010000	0,603870
	240,010000	0,603906
	241,010000	0,603779
	242,010000	0,603766
	243,010000	0,603828
	244,010000	0,603844
	245,010000	0,603753
	246,010000	0,603646
	247,010000	0,603590
	248,010000	0,603607
	249,010000	0,603564
	250,010000	0,603502
	251,010000	0,603291
	252,010000	0,603388
	253,010000	0,603340
	254,010000	0,603219
	255,010000	0,603255
	256,010000	0,603167
	257,010000	0,603135
	258,010000	0,603056
	259,010000	0,602900
	260,010000	0,602923
	261,010000	0,602721
	262,010000	0,602724
	263,010000	0,602663
	264,010000	0,602461
	265,010000	0,602360
	266,010000	0,602357
	267,010000	0,602292
	268,010000	0,602350
	269,010000	0,602282
	270,010000	0,602269
	271,010000	0,602376
	272,010000	0,602474
	273,010000	0,602474
	274,010000	0,602728
	275,010000	0,602962
	276,010000	0,603079
	277,010000	0,603190
	278,010000	0,603369
	279,010000	0,603444
	280,010000	0,603551
	281,010000	0,603593
	282,010000	0,603574
	283,010000	0,603681
	284,010000	0,603763
	285,010000	0,603655
	286,010000	0,603554
	287,010000	0,603567
	288,010000	0,603567
	289,010000	0,603636
	290,010000	0,603623
	291,010000	0,603672
	292,010000	0,603753
	293,010000	0,603724
	294,010000	0,603766
	295,010000	0,603720
	296,010000	0,603590
	297,010000	0,603567
	298,010000	0,603545
	299,010000	0,603431
	300,010000	0,603301
	301,010000	0,603141
	302,010000	0,603017
	303,010000	0,603112
	304,010000	0,602825
	305,010000	0,602689
	306,010000	0,602718
	307,010000	0,602676
	308,010000	0,602708
	309,010000	0,602741
	310,010000	0,602705
	311,010000	0,602773
	312,010000	0,602773
	313,010000	0,602738
	314,010000	0,602920
	315,010000	0,602903
	316,010000	0,602946
	317,010000	0,602939
	318,010000	0,602985
	319,010000	0,602988
	320,010000	0,603030
	321,010000	0,602995
	322,010000	0,602975
	323,010000	0,602982
	324,010000	0,602965
	325,010000	0,603001
	326,010000	0,603030
	327,010000	0,602995
	328,010000	0,602975
	329,010000	0,602910
	330,010000	0,603011
	331,010000	0,603076
	332,010000	0,602975
	333,010000	0,602939
	334,010000	0,603030
	335,010000	0,603177
	336,010000	0,603317
	337,010000	0,603701
	338,010000	0,604212
	339,010000	0,604889
	340,010000	0,605738
	341,010000	0,606917
	342,010000	0,608384
	343,010000	0,610093
	344,010000	0,612082
	345,010000	0,614425
	346,010000	0,616824
	347,010000	0,619548
	348,010000	0,622519
	349,010000	0,625680
	350,010000	0,629273
	351,010000	0,633055
	352,010000	0,636973
	353,010000	0,641211
	354,010000	0,645575
	355,010000	0,650409
	356,010000	0,655434
	357,010000	0,660446
	358,010000	0,665647
	359,010000	0,671050
	360,010000	0,676586
	361,010000	0,682360
	362,010000	0,688231
	363,010000	0,694295
	364,010000	0,700521
	365,010000	0,706806
	366,010000	0,713289
	367,010000	0,719857
	368,010000	0,726675
	0,010000	0,830132
	1,010000	0,837982
	2,010000	0,845966
	3,010000	0,853923
	4,010000	0,862118
	5,010000	0,870323
	6,010000	0,878642
	7,010000	0,886877
	8,010000	0,895147
	9,010000	0,903345
	10,010000	0,911560
	11,010000	0,919573
	12,010000	0,927059
	13,010000	0,933949
	14,010000	0,940058
	15,010000	0,945516
	16,010000	0,949936
	17,010000	0,953191
	18,010000	0,955322
	19,010000	0,956292
	20,010000	0,956055
	21,010000	0,954642
	22,010000	0,952016
	23,010000	0,948244
	24,010000	0,943375
	25,010000	0,937461
	26,010000	0,930606
	27,010000	0,922883
	28,010000	0,914122
	29,010000	0,904768
	30,010000	0,894649
	31,010000	0,884071
	32,010000	0,872800
	33,010000	0,861090
	34,010000	0,849201
	35,010000	0,836781
	36,010000	0,824218
	37,010000	0,811450
	38,010000	0,798431
	39,010000	0,785386
	40,010000	0,772322
	41,010000	0,759404
	42,010000	0,746529
	43,010000	0,733813
	44,010000	0,721383
	45,010000	0,709455
	46,010000	0,697790
	47,010000	0,686757
	48,010000	0,676358
	49,010000	0,666526
	50,010000	0,657400
	51,010000	0,649055
	52,010000	0,641458
	53,010000	0,634679
	54,010000	0,628661
	55,010000	0,623261
	56,010000	0,618676
	57,010000	0,614803
	58,010000	0,611463
	59,010000	0,608840
	60,010000	0,606796
	61,010000	0,605318
	62,010000	0,604456
	63,010000	0,604117
	64,010000	0,604329
	65,010000	0,604606
	66,010000	0,605517
	67,010000	0,606441
	68,010000	0,607675
	69,010000	0,609006
	70,010000	0,610295
	71,010000	0,611831
	72,010000	0,613240
	73,010000	0,614565
	74,010000	0,615616
	75,010000	0,616755
	76,010000	0,617579
	77,010000	0,618184
	78,010000	0,618591
	79,010000	0,618614
	80,010000	0,618347
	81,010000	0,618021
	82,010000	0,617445
	83,010000	0,616723
	84,010000	0,615812
	85,010000	0,614777
	86,010000	0,613683
	87,010000	0,612264
	88,010000	0,611008
	89,010000	0,609514
	90,010000	0,608228
	91,010000	0,606760
	92,010000	0,605380
	93,010000	0,604163
	94,010000	0,603050
	95,010000	0,601969
	96,010000	0,601022
	97,010000	0,600108
	98,010000	0,599629
	99,010000	0,599135
	100,010000	0,598975
	101,010000	0,598894
	102,010000	0,598956
	103,010000	0,599174
	104,010000	0,599450
	105,010000	0,599916
	106,010000	0,600446
	107,010000	0,600964
	108,010000	0,601510
	109,010000	0,602168
	110,010000	0,602744
	111,010000	0,603320
	112,010000	0,603893
	113,010000	0,604404
	114,010000	0,604853
	115,010000	0,605432
	116,010000	0,605696
	117,010000	0,606116
	118,010000	0,606383
	119,010000	0,606617
	120,010000	0,606744
	121,010000	0,606637
	122,010000	0,606640
	123,010000	0,606386
	124,010000	0,606126
	125,010000	0,605878
	126,010000	0,605510
	127,010000	0,605045
	128,010000	0,604671
	129,010000	0,604277
	130,010000	0,603759
	131,010000	0,603424
	132,010000	0,603082
	133,010000	0,602630
	134,010000	0,602308
	135,010000	0,601960
	136,010000	0,601716
	137,010000	0,601436
	138,010000	0,601094
	139,010000	0,600876
	140,010000	0,600674
	141,010000	0,600541
	142,010000	0,600534
	143,010000	0,600547
	144,010000	0,600661
	145,010000	0,600762
	146,010000	0,600938
	147,010000	0,601185
	148,010000	0,601423
	149,010000	0,601507
	150,010000	0,601875
	151,010000	0,602087
	152,010000	0,602412
	153,010000	0,602581
	154,010000	0,602708
	155,010000	0,603037
	156,010000	0,603196
	157,010000	0,603382
	158,010000	0,603636
	159,010000	0,604056
	160,010000	0,604482
	161,010000	0,605195
	162,010000	0,605888
	163,010000	0,606266
	164,010000	0,606842
	165,010000	0,607314
	166,010000	0,607714
	167,010000	0,607942
	168,010000	0,608264
	169,010000	0,608593
	170,010000	0,609149
	171,010000	0,609465
	172,010000	0,609514
	173,010000	0,609475
	174,010000	0,609481
	175,010000	0,609387
	176,010000	0,609198
	177,010000	0,608964
	178,010000	0,608798
	179,010000	0,608609
	180,010000	0,608326
	181,010000	0,607727
	182,010000	0,607359
	183,010000	0,606793
	184,010000	0,606353
	185,010000	0,605872
	186,010000	0,605608
	187,010000	0,605325
	188,010000	0,605126
	189,010000	0,604863
	190,010000	0,604671
	191,010000	0,604573
	192,010000	0,604570
	193,010000	0,604593
	194,010000	0,604703
	195,010000	0,604648
	196,010000	0,604671
	197,010000	0,604671
	198,010000	0,604619
	199,010000	0,604606
	200,010000	0,604658
	201,010000	0,604684
	202,010000	0,604661
	203,010000	0,604655
	204,010000	0,604863
	205,010000	0,604957
	206,010000	0,605100
	207,010000	0,605195
	208,010000	0,605484
	209,010000	0,605615
	210,010000	0,605784
	211,010000	0,605940
	212,010000	0,605908
	213,010000	0,605973
	214,010000	0,605716
	215,010000	0,605683
	216,010000	0,605537
	217,010000	0,605344
	218,010000	0,605065
	219,010000	0,604928
	220,010000	0,604856
	221,010000	0,604606
	222,010000	0,604417
	223,010000	0,604209
	224,010000	0,604144
	225,010000	0,603870
	226,010000	0,603945
	227,010000	0,603805
	228,010000	0,603668
	229,010000	0,603528
	230,010000	0,603395
	231,010000	0,603336
