	0,010000	1,665784
	1,010000	1,674950
	2,010000	1,684105
	3,010000	1,693163
	4,010000	1,702071
	5,010000	1,711047
	6,010000	1,719994
	7,010000	1,728375
	8,010000	1,736456
	9,010000	1,743506
	10,010000	1,749556
	11,010000	1,754354
	12,010000	1,757618
	13,010000	1,758910
	14,010000	1,758380
	15,010000	1,755809
	16,010000	1,751415
	17,010000	1,745062
	18,010000	1,736749
	19,010000	1,726513
	20,010000	1,714487
	21,010000	1,700567
	22,010000	1,684971
	23,010000	1,668242
	24,010000	1,649824
	25,010000	1,630520
	26,010000	1,610058
	27,010000	1,588668
	28,010000	1,566286
	29,010000	1,542960
	30,010000	1,519201
	31,010000	1,494810
	32,010000	1,469957
	33,010000	1,444763
	34,010000	1,419136
	35,010000	1,393336
	36,010000	1,367439
	37,010000	1,341544
	38,010000	1,315595
	39,010000	1,289883
	40,010000	1,264389
	41,010000	1,239074
	42,010000	1,214300
	43,010000	1,189603
	44,010000	1,165343
	45,010000	1,141451
	46,010000	1,117740
	47,010000	1,094525
	48,010000	1,071709
	49,010000	1,049086
	50,010000	1,026824
	51,010000	1,005223
	52,010000	0,983983
	53,010000	0,963332
	54,010000	0,943147
	55,010000	0,923244
	56,010000	0,903960
	57,010000	0,885262
	58,010000	0,866786
	59,010000	0,848778
	60,010000	0,831173
	61,010000	0,814203
	62,010000	0,797725
	63,010000	0,781780
	64,010000	0,766535
	65,010000	0,751795
	66,010000	0,737728
	67,010000	0,724482
	68,010000	0,711994
	69,010000	0,700283
	70,010000	0,689595
	71,010000	0,679815
	72,010000	0,670721
	73,010000	0,662630
	74,010000	0,655466
	75,010000	0,649009
	76,010000	0,643336
	77,010000	0,638523
	78,010000	0,634305
	79,010000	0,630881
	80,010000	0,628046
	81,010000	0,625787
	82,010000	0,624117
	83,010000	0,622773
	84,010000	0,622051
	85,010000	0,621563
	86,010000	0,621436
	87,010000	0,621563
	88,010000	0,621859
	89,010000	0,622298
	90,010000	0,622770
	91,010000	0,623170
	92,010000	0,623675
	93,010000	0,624241
	94,010000	0,624550
	95,010000	0,624759
	96,010000	0,624873
	97,010000	0,624736
	98,010000	0,624397
	99,010000	0,623711
	100,010000	0,623063
	101,010000	0,622171
	102,010000	0,621165
	103,010000	0,619805
	104,010000	0,618594
	105,010000	0,617195
	106,010000	0,615724
	107,010000	0,614249
	108,010000	0,612759
	109,010000	0,611291
	110,010000	0,609764
	111,010000	0,608251
	112,010000	0,606952
	113,010000	0,605572
	114,010000	0,604355
	115,010000	0,603340
	116,010000	0,602327
	117,010000	0,601585
	118,010000	0,600807
	119,010000	0,600349
	120,010000	0,599932
	121,010000	0,599812
	122,010000	0,599607
	123,010000	0,599707
	124,010000	0,599730
	125,010000	0,600078
	126,010000	0,600531
	127,010000	0,600892
	128,010000	0,601240
	129,010000	0,601455
	130,010000	0,601621
	131,010000	0,602077
	132,010000	0,602513
	133,010000	0,602868
	134,010000	0,603307
	135,010000	0,603610
	136,010000	0,603815
	137,010000	0,604043
	138,010000	0,604173
	139,010000	0,604205
	140,010000	0,604072
	141,010000	0,604043
	142,010000	0,603903
	143,010000	0,603844
	144,010000	0,603769
	145,010000	0,603597
	146,010000	0,603288
	147,010000	0,603017
	148,010000	0,602676
	149,010000	0,602480
	150,010000	0,602038
	151,010000	0,601563
	152,010000	0,601195
	153,010000	0,600765
	154,010000	0,600365
	155,010000	0,599828
	156,010000	0,599551
	157,010000	0,599366
	158,010000	0,599118
	159,010000	0,598897
	160,010000	0,598705
	161,010000	0,598676
	162,010000	0,598536
	163,010000	0,598565
	164,010000	0,598545
	165,010000	0,598572
	166,010000	0,598676
	167,010000	0,598904
	168,010000	0,599115
	169,010000	0,599320
	170,010000	0,599454
	171,010000	0,599782
	172,010000	0,599851
	173,010000	0,600023
	174,010000	0,600202
	175,010000	0,600345
	176,010000	0,600394
	177,010000	0,600469
	178,010000	0,600420
	179,010000	0,600446
	180,010000	0,600381
	181,010000	0,600430
	182,010000	0,600323
	183,010000	0,600251
	184,010000	0,600261
	185,010000	0,600082
	186,010000	0,600043
	187,010000	0,599912
	188,010000	0,599841
	189,010000	0,599681
	190,010000	0,599551
	191,010000	0,599476
	192,010000	0,599450
	193,010000	0,599310
	194,010000	0,599216
	195,010000	0,599076
	196,010000	0,599037
	197,010000	0,598793
	198,010000	0,598695
	199,010000	0,598578
	200,010000	0,598393
	201,010000	0,598113
	202,010000	0,597947
	203,010000	0,597751
	204,010000	0,597742
	205,010000	0,597608
	206,010000	0,597771
	207,010000	0,597631
	208,010000	0,597761
	209,010000	0,597934
	210,010000	0,597921
	211,010000	0,598145
	212,010000	0,598308
	213,010000	0,598581
	214,010000	0,598702
	215,010000	0,598913
	216,010000	0,598868
	217,010000	0,598995
	218,010000	0,599109
	219,010000	0,599213
	220,010000	0,599242
	221,010000	0,599115
	222,010000	0,599050
	223,010000	0,599144
	224,010000	0,599089
	225,010000	0,599151
	226,010000	0,599076
	227,010000	0,599151
	228,010000	0,599017
	229,010000	0,599144
	230,010000	0,599170
	231,010000	0,599122
	232,010000	0,599226
	233,010000	0,599304
	234,010000	0,599317
	235,010000	0,599346
	236,010000	0,599398
	237,010000	0,599314
	238,010000	0,599317
	239,010000	0,599561
	240,010000	0,599776
	241,010000	0,599909
	242,010000	0,600108
	243,010000	0,600384
	244,010000	0,600453
	245,010000	0,600531
	246,010000	0,600612
	247,010000	0,600713
	248,010000	0,600895
	249,010000	0,600912
	250,010000	0,601006
	251,010000	0,601042
	252,010000	0,601270
	253,010000	0,601592
	254,010000	0,601960
	255,010000	0,602379
	256,010000	0,602484
	257,010000	0,602799
	258,010000	0,603219
	259,010000	0,603519
	260,010000	0,603642
	261,010000	0,603476
	262,010000	0,603411
