	0,010000	2,145458
	1,010000	2,137604
	2,010000	2,130672
	3,010000	2,124996
	4,010000	2,120729
	5,010000	2,117451
	6,010000	2,115450
	7,010000	2,113770
	8,010000	2,112996
	9,010000	2,112524
	10,010000	2,111987
	11,010000	2,110799
	12,010000	2,108911
	13,010000	2,105979
	14,010000	2,101474
	15,010000	2,095831
	16,010000	2,088820
	17,010000	2,080068
	18,010000	2,069422
	19,010000	2,057217
	20,010000	2,043079
	21,010000	2,027326
	22,010000	2,009484
	23,010000	1,990073
	24,010000	1,969074
	25,010000	1,946503
	26,010000	1,922490
	27,010000	1,897452
	28,010000	1,871083
	29,010000	1,844066
	30,010000	1,816095
	31,010000	1,787519
	32,010000	1,758181
	33,010000	1,728648
	34,010000	1,698556
	35,010000	1,668391
	36,010000	1,637859
	37,010000	1,607457
	38,010000	1,576929
	39,010000	1,546423
	40,010000	1,516206
	41,010000	1,486169
	42,010000	1,456242
	43,010000	1,426830
	44,010000	1,397593
	45,010000	1,368718
	46,010000	1,340181
	47,010000	1,312217
	48,010000	1,284750
	49,010000	1,257538
	50,010000	1,230951
	51,010000	1,204682
	52,010000	1,179143
	53,010000	1,153984
	54,010000	1,129138
	55,010000	1,104953
	56,010000	1,081145
	57,010000	1,057796
	58,010000	1,034987
	59,010000	1,012914
	60,010000	0,991332
	61,010000	0,970294
	62,010000	0,949767
	63,010000	0,929585
	64,010000	0,910060
	65,010000	0,890880
	66,010000	0,872358
	67,010000	0,854105
	68,010000	0,836429
	69,010000	0,819411
	70,010000	0,802848
	71,010000	0,786314
	72,010000	0,770665
	73,010000	0,755886
	74,010000	0,741836
	75,010000	0,728657
	76,010000	0,716378
	77,010000	0,704775
	78,010000	0,694174
	79,010000	0,684488
	80,010000	0,675597
	81,010000	0,667460
	82,010000	0,660387
	83,010000	0,654191
	84,010000	0,648902
	85,010000	0,644329
	86,010000	0,640537
	87,010000	0,637387
	88,010000	0,634864
	89,010000	0,632856
	90,010000	0,631479
	91,010000	0,630510
	92,010000	0,630077
	93,010000	0,629966
	94,010000	0,629904
	95,010000	0,630155
	96,010000	0,630624
	97,010000	0,631180
	98,010000	0,631772
	99,010000	0,632283
	100,010000	0,632827
	101,010000	0,633312
	102,010000	0,633559
	103,010000	0,633794
	104,010000	0,633751
	105,010000	0,633527
	106,010000	0,633117
	107,010000	0,632622
	108,010000	0,631864
	109,010000	0,631030
	110,010000	0,630086
	111,010000	0,628892
	112,010000	0,627610
	113,010000	0,626194
	114,010000	0,624778
	115,010000	0,623327
	116,010000	0,621712
	117,010000	0,620134
	118,010000	0,618637
	119,010000	0,617172
	120,010000	0,615727
	121,010000	0,614585
	122,010000	0,613419
	123,010000	0,612365
	124,010000	0,611414
	125,010000	0,610588
	126,010000	0,609888
	127,010000	0,609423
	128,010000	0,608960
	129,010000	0,608723
	130,010000	0,608404
	131,010000	0,608498
	132,010000	0,608537
	133,010000	0,608641
	134,010000	0,608882
	135,010000	0,609276
	136,010000	0,609650
	137,010000	0,610067
	138,010000	0,610685
	139,010000	0,611203
	140,010000	0,611580
	141,010000	0,612082
	142,010000	0,612492
	143,010000	0,612807
	144,010000	0,613003
	145,010000	0,613250
	146,010000	0,613250
	147,010000	0,613244
	148,010000	0,613185
	149,010000	0,613084
	150,010000	0,612934
	151,010000	0,612778
	152,010000	0,612482
	153,010000	0,612280
	154,010000	0,611984
	155,010000	0,611649
	156,010000	0,611314
	157,010000	0,610962
	158,010000	0,610650
	159,010000	0,610230
	160,010000	0,609862
	161,010000	0,609605
	162,010000	0,609364
	163,010000	0,609120
	164,010000	0,608934
	165,010000	0,608707
	166,010000	0,608541
	167,010000	0,608375
	168,010000	0,608244
	169,010000	0,608183
	170,010000	0,608111
	171,010000	0,608088
	172,010000	0,608036
	173,010000	0,608144
	174,010000	0,608257
	175,010000	0,608329
	176,010000	0,608456
	177,010000	0,608537
	178,010000	0,608742
	179,010000	0,608827
	180,010000	0,609152
	181,010000	0,609178
	182,010000	0,609371
	183,010000	0,609523
	184,010000	0,609706
	185,010000	0,609927
	186,010000	0,610018
	187,010000	0,610064
	188,010000	0,610197
	189,010000	0,610373
	190,010000	0,610412
	191,010000	0,610458
	192,010000	0,610389
	193,010000	0,610298
	194,010000	0,610200
	195,010000	0,609999
	196,010000	0,609943
	197,010000	0,609846
	198,010000	0,609729
	199,010000	0,609663
	200,010000	0,609468
	201,010000	0,609423
	202,010000	0,609455
	203,010000	0,609299
	204,010000	0,609309
	205,010000	0,609315
	206,010000	0,609253
	207,010000	0,609234
	208,010000	0,609120
	209,010000	0,609094
	210,010000	0,608990
	211,010000	0,608873
	212,010000	0,608908
	213,010000	0,608804
	214,010000	0,608798
	215,010000	0,608654
	216,010000	0,608690
	217,010000	0,608609
	218,010000	0,608430
	219,010000	0,608329
	220,010000	0,608358
	221,010000	0,608147
	222,010000	0,608114
	223,010000	0,607965
	224,010000	0,607984
	225,010000	0,607860
	226,010000	0,607873
	227,010000	0,607841
	228,010000	0,607753
	229,010000	0,607750
	230,010000	0,607639
	231,010000	0,607590
	232,010000	0,607610
	233,010000	0,607525
