	0,010000	3,161878
	1,010000	3,168628
	2,010000	3,175437
	3,010000	3,182301
	4,010000	3,188794
	5,010000	3,195593
	6,010000	3,202152
	7,010000	3,208231
	8,010000	3,213273
	9,010000	3,217494
	10,010000	3,219873
	11,010000	3,220814
	12,010000	3,220202
	13,010000	3,217126
	14,010000	3,211427
	15,010000	3,203850
	16,010000	3,193816
	17,010000	3,181654
	18,010000	3,167014
	19,010000	3,150327
	20,010000	3,131519
	21,010000	3,110812
	22,010000	3,087903
	23,010000	3,063415
	24,010000	3,036912
	25,010000	3,008307
	26,010000	2,977954
	27,010000	2,946549
	28,010000	2,913596
	29,010000	2,879028
	30,010000	2,843565
	31,010000	2,806660
	32,010000	2,769030
	33,010000	2,730491
	34,010000	2,691090
	35,010000	2,650931
	36,010000	2,610179
	37,010000	2,569229
	38,010000	2,527543
	39,010000	2,485763
	40,010000	2,443631
	41,010000	2,401451
	42,010000	2,359257
	43,010000	2,317086
	44,010000	2,275238
	45,010000	2,233454
	46,010000	2,192205
	47,010000	2,150880
	48,010000	2,110249
	49,010000	2,070125
	50,010000	2,030021
	51,010000	1,990503
	52,010000	1,951743
	53,010000	1,913481
	54,010000	1,875753
	55,010000	1,838725
	56,010000	1,802204
	57,010000	1,766367
	58,010000	1,731307
	59,010000	1,696837
	60,010000	1,662956
	61,010000	1,629537
	62,010000	1,596942
	63,010000	1,565111
	64,010000	1,533866
	65,010000	1,503780
	66,010000	1,474016
	67,010000	1,444867
	68,010000	1,416652
	69,010000	1,389382
	70,010000	1,362365
	71,010000	1,336077
	72,010000	1,310531
	73,010000	1,285681
	74,010000	1,261310
	75,010000	1,237825
	76,010000	1,214495
	77,010000	1,191712
	78,010000	1,169682
	79,010000	1,147865
	80,010000	1,126652
	81,010000	1,105910
	82,010000	1,085818
	83,010000	1,066098
	84,010000	1,047046
	85,010000	1,028676
	86,010000	1,010395
	87,010000	0,994011
	88,010000	0,977636
	89,010000	0,962326
	90,010000	0,951267
	91,010000	0,945916
	92,010000	0,941692
	93,010000	0,936563
	94,010000	0,882535
	95,010000	0,860690
	96,010000	0,847674
	97,010000	0,835232
	98,010000	0,823990
	99,010000	0,812983
	100,010000	0,803059
	101,010000	0,792729
	102,010000	0,783440
	103,010000	0,776098
	104,010000	0,768215
	105,010000	0,761920
	106,010000	0,757006
	107,010000	0,753959
	108,010000	0,753152
	109,010000	0,749735
	110,010000	0,750060
	111,010000	0,729598
	112,010000	0,718337
	113,010000	0,720407
	114,010000	0,723707
	115,010000	0,719915
	116,010000	0,639685
	117,010000	0,637452
	118,010000	0,635707
	119,010000	0,634386
	120,010000	0,633556
	121,010000	0,633556
	122,010000	0,633621
	123,010000	0,634376
	124,010000	0,635134
	125,010000	0,636127
	126,010000	0,637250
	127,010000	0,638383
	128,010000	0,639554
	129,010000	0,640733
	130,010000	0,641650
	131,010000	0,642545
	132,010000	0,643200
	133,010000	0,643476
	134,010000	0,643629
	135,010000	0,643499
	136,010000	0,642812
	137,010000	0,641673
	138,010000	0,640036
	139,010000	0,638148
	140,010000	0,635893
	141,010000	0,633061
	142,010000	0,629875
	143,010000	0,626347
	144,010000	0,622829
	145,010000	0,619164
	146,010000	0,615437
	147,010000	0,611681
	148,010000	0,608036
	149,010000	0,604742
	150,010000	0,601650
	151,010000	0,598864
	152,010000	0,596235
	153,010000	0,594236
	154,010000	0,592589
	155,010000	0,591291
	156,010000	0,590539
	157,010000	0,590122
	158,010000	0,590015
	159,010000	0,590425
	160,010000	0,591457
	161,010000	0,592645
	162,010000	0,594529
	163,010000	0,596323
	164,010000	0,598917
	165,010000	0,601514
	166,010000	0,604583
	167,010000	0,607707
	168,010000	0,610754
	169,010000	0,613979
	170,010000	0,616941
	171,010000	0,620030
	172,010000	0,622816
	173,010000	0,625429
	174,010000	0,627597
	175,010000	0,629397
	176,010000	0,630884
	177,010000	0,631818
	178,010000	0,632225
	179,010000	0,632251
	180,010000	0,631665
	181,010000	0,630929
	182,010000	0,629540
	183,010000	0,627717
	184,010000	0,625263
	185,010000	0,622386
	186,010000	0,619294
	187,010000	0,615945
	188,010000	0,612739
	189,010000	0,609052
	190,010000	0,605641
	191,010000	0,602412
	192,010000	0,599284
	193,010000	0,596280
	194,010000	0,593703
	195,010000	0,591545
	196,010000	0,589615
	197,010000	0,588000
	198,010000	0,586669
	199,010000	0,586074
	200,010000	0,585712
	201,010000	0,585794
	202,010000	0,586249
	203,010000	0,587268
	204,010000	0,588547
	205,010000	0,590158
	206,010000	0,592056
	207,010000	0,594406
	208,010000	0,596934
	209,010000	0,599646
	210,010000	0,602646
	211,010000	0,605650
	212,010000	0,608908
	213,010000	0,611974
	214,010000	0,614952
	215,010000	0,617579
	216,010000	0,619925
	217,010000	0,622191
	218,010000	0,624192
	219,010000	0,625709
	220,010000	0,626881
	221,010000	0,627405
	222,010000	0,627707
	223,010000	0,627457
	224,010000	0,626614
	225,010000	0,625563
	226,010000	0,623938
	227,010000	0,621706
	228,010000	0,619398
	229,010000	0,616606
	230,010000	0,613748
	231,010000	0,610451
	232,010000	0,607053
	233,010000	0,603688
	234,010000	0,600502
	235,010000	0,597302
	236,010000	0,594497
	237,010000	0,591857
	238,010000	0,589589
	239,010000	0,587616
	240,010000	0,586005
	241,010000	0,584762
	242,010000	0,583873
	243,010000	0,583535
	244,010000	0,583603
	245,010000	0,583864
	246,010000	0,584681
	247,010000	0,585888
	248,010000	0,587470
	249,010000	0,589195
	250,010000	0,591385
	251,010000	0,593794
	252,010000	0,596241
	253,010000	0,599154
	254,010000	0,602025
	255,010000	0,605152
	256,010000	0,608241
	257,010000	0,611284
	258,010000	0,614588
	259,010000	0,617371
	260,010000	0,619958
	261,010000	0,622474
	262,010000	0,624593
	263,010000	0,626090
	264,010000	0,627538
	265,010000	0,628264
	266,010000	0,628430
	267,010000	0,627987
	268,010000	0,627245
	269,010000	0,625696
	270,010000	0,623805
	271,010000	0,621497
	272,010000	0,618711
	273,010000	0,615694
	274,010000	0,612547
	275,010000	0,609221
	276,010000	0,605803
	277,010000	0,602500
	278,010000	0,599138
	279,010000	0,595932
	280,010000	0,592967
	281,010000	0,590142
	282,010000	0,587698
	283,010000	0,585579
	284,010000	0,583991
	285,010000	0,582698
	286,010000	0,581839
	287,010000	0,581517
	288,010000	0,581657
	289,010000	0,582100
	290,010000	0,582936
	291,010000	0,584189
	292,010000	0,585729
	293,010000	0,587646
	294,010000	0,589589
	295,010000	0,592140
	296,010000	0,594685
	297,010000	0,597367
	298,010000	0,600254
	299,010000	0,603151
	300,010000	0,606074
	301,010000	0,609022
	302,010000	0,612082
	303,010000	0,614770
	304,010000	0,617322
	305,010000	0,619567
	306,010000	0,621615
	307,010000	0,623014
	308,010000	0,624147
	309,010000	0,624664
	310,010000	0,624798
	311,010000	0,624355
	312,010000	0,623284
	313,010000	0,621742
	314,010000	0,620004
	315,010000	0,617842
	316,010000	0,615245
	317,010000	0,612313
	318,010000	0,609094
	319,010000	0,605855
	320,010000	0,602464
	321,010000	0,599112
	322,010000	0,596131
	323,010000	0,593078
