	0,010000	3,509575
	1,010000	3,495531
	2,010000	3,505822
	3,010000	3,520130
	4,010000	3,551365
	5,010000	3,547095
	6,010000	3,530040
	7,010000	3,564374
	8,010000	3,493861
	9,010000	3,504032
	10,010000	3,516969
	11,010000	3,519251
	12,010000	3,489259
	13,010000	3,426984
	14,010000	3,424924
	15,010000	3,447095
	16,010000	3,450460
	17,010000	3,456221
	18,010000	3,460527
	19,010000	3,465669
	20,010000	3,470418
	21,010000	3,474590
	22,010000	3,477207
	23,010000	3,477871
	24,010000	3,477038
	25,010000	3,474580
	26,010000	3,470135
	27,010000	3,463472
	28,010000	3,454515
	29,010000	3,443332
	30,010000	3,429926
	31,010000	3,414486
	32,010000	3,396592
	33,010000	3,376879
	34,010000	3,354848
	35,010000	3,331160
	36,010000	3,305787
	37,010000	3,278985
	38,010000	3,251356
	39,010000	3,222933
	40,010000	3,193647
	41,010000	3,164033
	42,010000	3,134777
	43,010000	3,106249
	44,010000	3,077862
	45,010000	3,050406
	46,010000	3,025290
	47,010000	3,001892
	48,010000	2,982618
	49,010000	2,963597
	50,010000	2,944860
	51,010000	2,927773
	52,010000	2,912323
	53,010000	2,898517
	54,010000	2,886618
	55,010000	2,876200
	56,010000	2,867780
	57,010000	2,860353
	58,010000	2,854553
	59,010000	2,849957
	60,010000	2,846930
	61,010000	2,844636
	62,010000	2,843653
	63,010000	2,843432
	64,010000	2,844265
	65,010000	2,845625
	66,010000	2,847861
	67,010000	2,850934
	68,010000	2,854406
	69,010000	2,858143
	70,010000	2,862162
	71,010000	2,866348
	72,010000	2,869977
	73,010000	2,873479
	74,010000	2,876870
	75,010000	2,879636
	76,010000	2,881768
	77,010000	2,883168
	78,010000	2,883409
	79,010000	2,883015
	80,010000	2,881114
	81,010000	2,878152
	82,010000	2,873820
	83,010000	2,868271
	84,010000	2,861362
	85,010000	2,852977
	86,010000	2,843620
	87,010000	2,832756
	88,010000	2,821570
	89,010000	2,809707
	90,010000	2,796987
	91,010000	2,784372
	92,010000	2,771591
	93,010000	2,760112
	94,010000	2,748935
	95,010000	2,738885
	96,010000	2,730446
	97,010000	2,722218
	98,010000	2,713805
	99,010000	2,708034
	100,010000	2,702683
	101,010000	2,700024
	102,010000	2,696210
	103,010000	2,695767
	104,010000	2,695354
	105,010000	2,694599
	106,010000	2,697043
	107,010000	2,713599
	108,010000	2,730664
	109,010000	2,727503
	110,010000	2,731005
	111,010000	2,735796
	112,010000	2,739894
	113,010000	2,740639
	114,010000	2,743266
	115,010000	2,750071
	116,010000	2,751813
	117,010000	2,757795
	118,010000	2,765528
	119,010000	2,770335
	120,010000	2,778703
	121,010000	2,781381
	122,010000	2,790315
	123,010000	2,798227
	124,010000	2,806527
	125,010000	2,812740
	126,010000	2,820144
	127,010000	2,828945
	128,010000	2,835900
	129,010000	2,840206
	130,010000	2,846507
	131,010000	2,852135
	132,010000	2,855874
	133,010000	2,860281
	134,010000	2,862894
	135,010000	2,862331
	136,010000	2,863682
	137,010000	2,863776
	138,010000	2,863012
	139,010000	2,860213
	140,010000	2,857147
	141,010000	2,854113
	142,010000	2,847321
	143,010000	2,841677
	144,010000	2,834774
	145,010000	2,828050
	146,010000	2,820096
	147,010000	2,812154
	148,010000	2,804493
	149,010000	2,797925
	150,010000	2,791201
	151,010000	2,784200
	152,010000	2,779780
	153,010000	2,775093
	154,010000	2,770836
	155,010000	2,765886
	156,010000	2,762791
	157,010000	2,760662
	158,010000	2,759184
	159,010000	2,759972
	160,010000	2,762088
	161,010000	2,763435
	162,010000	2,763412
	163,010000	2,766527
	164,010000	2,769277
	165,010000	2,772236
	166,010000	2,777606
	167,010000	2,783197
	168,010000	2,788447
	169,010000	2,795067
	170,010000	2,803939
	171,010000	2,810875
	172,010000	2,817062
	173,010000	2,823161
	174,010000	2,830247
	175,010000	2,838214
	176,010000	2,849440
	177,010000	2,859389
	178,010000	2,879194
	179,010000	2,881283
	180,010000	2,864753
	181,010000	2,872945
	182,010000	2,878800
	183,010000	2,882442
	184,010000	2,886227
	185,010000	2,888977
	186,010000	2,890256
	187,010000	2,890256
	188,010000	2,889348
	189,010000	2,888961
	190,010000	2,884766
	191,010000	2,881648
	192,010000	2,876727
	193,010000	2,870745
	194,010000	2,864336
	195,010000	2,857283
	196,010000	2,849244
	197,010000	2,840577
	198,010000	2,832428
	199,010000	2,823516
	200,010000	2,815864
	201,010000	2,808304
	202,010000	2,801049
	203,010000	2,794511
	204,010000	2,787122
	205,010000	2,781495
	206,010000	2,776600
	207,010000	2,773580
	208,010000	2,771126
	209,010000	2,769889
	210,010000	2,767389
	211,010000	2,767220
	212,010000	2,766755
	213,010000	2,765850
	214,010000	2,767481
	215,010000	2,769069
	216,010000	2,771113
	217,010000	2,773717
	218,010000	2,776457
	219,010000	2,781557
	220,010000	2,787454
	221,010000	2,793437
	222,010000	2,799269
	223,010000	2,804779
	224,010000	2,810647
	225,010000	2,816720
	226,010000	2,823399
	227,010000	2,829804
	228,010000	2,837573
	229,010000	2,843982
	230,010000	2,849547
	231,010000	2,856004
	232,010000	2,862357
	233,010000	2,867425
	234,010000	2,872528
	235,010000	2,878449
	236,010000	2,882933
	237,010000	2,885645
	238,010000	2,887493
	239,010000	2,888854
	240,010000	2,889309
	241,010000	2,887711
	242,010000	2,884815
	243,010000	2,883461
	244,010000	2,880938
	245,010000	2,877352
	246,010000	2,871848
	247,010000	2,865609
	248,010000	2,859031
	249,010000	2,852196
	250,010000	2,844724
	251,010000	2,837026
	252,010000	2,829834
	253,010000	2,821651
	254,010000	2,814621
	255,010000	2,807471
	256,010000	2,801560
	257,010000	2,795764
	258,010000	2,791360
	259,010000	2,787559
	260,010000	2,784766
	261,010000	2,782081
	262,010000	2,780275
	263,010000	2,779637
	264,010000	2,779790
	265,010000	2,780053
	266,010000	2,781166
	267,010000	2,782817
	268,010000	2,784359
	269,010000	2,787578
	270,010000	2,790361
	271,010000	2,795048
	272,010000	2,798992
	273,010000	2,803396
	274,010000	2,809183
	275,010000	2,814465
	276,010000	2,821401
	277,010000	2,827230
	278,010000	2,832017
	279,010000	2,837970
	280,010000	2,844880
	281,010000	2,851783
	282,010000	2,857313
	283,010000	2,863122
	284,010000	2,868655
	285,010000	2,875103
	286,010000	2,878803
	287,010000	2,883135
	288,010000	2,886162
	289,010000	2,889462
	290,010000	2,891106
	291,010000	2,890663
	292,010000	2,892213
	293,010000	2,893254
	294,010000	2,890839
	295,010000	2,887643
	296,010000	2,883920
	297,010000	2,879041
	298,010000	2,873329
	299,010000	2,867321
	300,010000	2,860392
	301,010000	2,853515
	302,010000	2,846299
	303,010000	2,838722
	304,010000	2,831318
	305,010000	2,825004
	306,010000	2,817853
	307,010000	2,812066
	308,010000	2,806598
	309,010000	2,801534
	310,010000	2,797251
	311,010000	2,793332
	312,010000	2,791783
	313,010000	2,789411
	314,010000	2,788691
	315,010000	2,787559
	316,010000	2,786042
	317,010000	2,786683
	318,010000	2,787972
	319,010000	2,790211
	320,010000	2,792847
	321,010000	2,795246
	322,010000	2,798319
	323,010000	2,801056
	324,010000	2,805690
	325,010000	2,809684
	326,010000	2,814634
	327,010000	2,823380
	328,010000	2,828971
	329,010000	2,834611
	330,010000	2,840291
	331,010000	2,846504
	332,010000	2,852362
	333,010000	2,857505
	334,010000	2,864392
	335,010000	2,870130
	336,010000	2,877095
	337,010000	2,882758
	338,010000	2,889166
	339,010000	2,894136
	340,010000	2,899441
	341,010000	2,902820
	342,010000	2,904977
	343,010000	2,905999
	344,010000	2,905199
	345,010000	2,901635
	346,010000	2,897488
	347,010000	2,890986
	348,010000	2,882357
	349,010000	2,871064
	350,010000	2,857742
	351,010000	2,842930
	352,010000	2,825661
	353,010000	2,806055
	354,010000	2,784948
	355,010000	2,761352
	356,010000	2,737404
	357,010000	2,710703
	358,010000	2,683224
	359,010000	2,654856
	360,010000	2,624327
	361,010000	2,593066
	362,010000	2,561466
	363,010000	2,529086
	364,010000	2,495605
	365,010000	2,461060
	366,010000	2,426245
	367,010000	2,392263
	368,010000	2,357610
	369,010000	2,323283
	370,010000	2,288282
	371,010000	2,251231
	372,010000	2,211241
	373,010000	2,176553
	374,010000	2,113734
	375,010000	2,008498
	376,010000	1,977344
	377,010000	1,941253
	378,010000	1,905055
	379,010000	1,869546
	380,010000	1,834559
	381,010000	1,800062
	382,010000	1,765963
	383,010000	1,732609
	384,010000	1,700095
	385,010000	1,668278
	386,010000	1,637124
	387,010000	1,607295
	388,010000	1,578270
	389,010000	1,550725
	390,010000	1,524376
	391,010000	1,499552
	392,010000	1,476379
	393,010000	1,454765
	394,010000	1,435009
	395,010000	1,417007
	396,010000	1,400871
	397,010000	1,386475
	398,010000	1,373629
	399,010000	1,362902
	400,010000	1,353531
	401,010000	1,345779
	402,010000	1,339292
	403,010000	1,334153
	404,010000	1,330033
	405,010000	1,327019
	406,010000	1,324793
	407,010000	1,323501
	408,010000	1,322934
	409,010000	1,322690
	410,010000	1,322749
	411,010000	1,322781
	412,010000	1,322677
	413,010000	1,322221
	414,010000	1,321287
	415,010000	1,319419
	416,010000	1,316975
	417,010000	1,313584
	418,010000	1,309414
	419,010000	1,304298
	420,010000	1,298072
	421,010000	1,291006
	422,010000	1,282941
	423,010000	1,274147
	424,010000	1,264558
	425,010000	1,254261
	426,010000	1,243214
	427,010000	1,231989
	428,010000	1,220191
	429,010000	1,208425
	430,010000	1,196738
	431,010000	1,185242
	432,010000	1,174427
	433,010000	1,164110
	434,010000	1,154691
	435,010000	1,145971
	436,010000	1,138118
	437,010000	1,131322
	438,010000	1,125496
	439,010000	1,120637
	440,010000	1,116910
	441,010000	1,114385
	442,010000	1,112510
	443,010000	1,111495
	444,010000	1,111442
	445,010000	1,112132
	446,010000	1,113565
	447,010000	1,115774
	448,010000	1,118665
	449,010000	1,122323
	450,010000	1,126232
	451,010000	1,130700
	452,010000	1,135293
	453,010000	1,140461
	454,010000	1,145512
	455,010000	1,150590
	456,010000	1,155397
	457,010000	1,160012
	458,010000	1,164308
	459,010000	1,167904
	460,010000	1,170394
	461,010000	1,172155
	462,010000	1,173294
	463,010000	1,173408
	464,010000	1,172341
	465,010000	1,170391
	466,010000	1,167361
	467,010000	1,163501
	468,010000	1,158420
	469,010000	1,152634
	470,010000	1,146121
	471,010000	1,139149
	472,010000	1,131540
	473,010000	1,123182
	474,010000	1,114902
	475,010000	1,106746
	476,010000	1,098775
	477,010000	1,091101
	478,010000	1,084295
	479,010000	1,078203
	480,010000	1,072640
	481,010000	1,067778
	482,010000	1,063358
	483,010000	1,060081
	484,010000	1,057740
	485,010000	1,056198
	486,010000	1,055335
	487,010000	1,055257
	488,010000	1,055765
	489,010000	1,057399
	490,010000	1,059644
	491,010000	1,062362
	492,010000	1,065604
	493,010000	1,069578
	494,010000	1,073884
	495,010000	1,078580
	496,010000	1,084246
	497,010000	1,089874
	498,010000	1,096080
	499,010000	1,102951
	500,010000	1,109636
	501,010000	1,116302
	502,010000	1,122860
	503,010000	1,129216
	504,010000	1,135136
	505,010000	1,140383
	506,010000	1,145021
	507,010000	1,148520
