	0.010000	3.192358
	1.010000	3.185019
	2.010000	3.176501
	3.010000	3.167372
	4.010000	3.158376
	5.010000	3.149820
	6.010000	3.142236
	7.010000	3.135066
	8.010000	3.128284
	9.010000	3.121566
	10.010000	3.114396
	11.010000	3.106399
	12.010000	3.097410
	13.010000	3.086650
	14.010000	3.074028
	15.010000	3.059317
	16.010000	3.042490
	17.010000	3.023600
	18.010000	3.002744
	19.010000	2.979832
	20.010000	2.955041
	21.010000	2.928434
	22.010000	2.899952
	23.010000	2.869661
	24.010000	2.837716
	25.010000	2.804063
	26.010000	2.768955
	27.010000	2.732304
	28.010000	2.694130
	29.010000	2.654820
	30.010000	2.614430
	31.010000	2.573297
	32.010000	2.531263
	33.010000	2.488702
	34.010000	2.445789
	35.010000	2.402453
	36.010000	2.358847
	37.010000	2.315120
	38.010000	2.271378
	39.010000	2.227606
	40.010000	2.183967
	41.010000	2.140618
	42.010000	2.097686
	43.010000	2.055059
	44.010000	2.012771
	45.010000	1.971011
	46.010000	1.929872
	47.010000	1.889097
	48.010000	1.849130
	49.010000	1.809722
	50.010000	1.771070
	51.010000	1.733026
	52.010000	1.695630
	53.010000	1.659047
	54.010000	1.623125
	55.010000	1.588034
	56.010000	1.553472
	57.010000	1.519679
	58.010000	1.486693
	59.010000	1.454423
	60.010000	1.422921
	61.010000	1.392148
	62.010000	1.362140
	63.010000	1.332867
	64.010000	1.304291
	65.010000	1.276689
	66.010000	1.249672
	67.010000	1.223279
	68.010000	1.197763
	69.010000	1.172933
	70.010000	1.148490
	71.010000	1.124764
	72.010000	1.101399
	73.010000	1.078808
	74.010000	1.056744
	75.010000	1.035378
	76.010000	1.014567
	77.010000	0.994287
	78.010000	0.974554
	79.010000	0.955332
	80.010000	0.936644
	81.010000	0.918437
	82.010000	0.900751
	83.010000	0.883388
	84.010000	0.866655
	85.010000	0.850405
	86.010000	0.834594
	87.010000	0.819066
	88.010000	0.804110
	89.010000	0.789390
	90.010000	0.775189
	91.010000	0.761354
	92.010000	0.747840
	93.010000	0.734627
	94.010000	0.721914
	95.010000	0.709575
	96.010000	0.697465
	97.010000	0.685787
	98.010000	0.674386
	99.010000	0.663235
	100.010000	0.652462
	101.010000	0.642067
	102.010000	0.632085
	103.010000	0.622545
	104.010000	0.613563
	105.010000	0.605244
	106.010000	0.597563
	107.010000	0.590741
	108.010000	0.584541
	109.010000	0.579255
	110.010000	0.574793
	111.010000	0.570972
	112.010000	0.567978
	113.010000	0.565725
	114.010000	0.564277
	115.010000	0.563581
	116.010000	0.563395
	117.010000	0.563782
	118.010000	0.564573
	119.010000	0.565960
	120.010000	0.567454
	121.010000	0.569159
	122.010000	0.570806
	123.010000	0.572479
	124.010000	0.573859
	125.010000	0.575017
	126.010000	0.575812
	127.010000	0.576254
	128.010000	0.576248
	129.010000	0.575913
	130.010000	0.575008
	131.010000	0.573758
	132.010000	0.571971
	133.010000	0.569820
	134.010000	0.567415
	135.010000	0.564873
	136.010000	0.562207
	137.010000	0.559450
	138.010000	0.556850
	139.010000	0.554474
	140.010000	0.552176
	141.010000	0.550308
	142.010000	0.548873
	143.010000	0.547708
	144.010000	0.547229
	145.010000	0.547112
	146.010000	0.547288
	147.010000	0.548000
	148.010000	0.549175
	149.010000	0.550607
	150.010000	0.552430
	151.010000	0.554302
	152.010000	0.556560
	153.010000	0.558614
	154.010000	0.560804
	155.010000	0.562669
	156.010000	0.564420
	157.010000	0.565804
	158.010000	0.566871
	159.010000	0.567454
	160.010000	0.567694
	161.010000	0.567346
	162.010000	0.566549
	163.010000	0.565442
	164.010000	0.563841
	165.010000	0.561989
	166.010000	0.559815
	167.010000	0.557527
	168.010000	0.555271
	169.010000	0.552957
	170.010000	0.550858
	171.010000	0.548996
	172.010000	0.547366
	173.010000	0.546051
	174.010000	0.545052
	175.010000	0.544593
	176.010000	0.544394
	177.010000	0.544733
	178.010000	0.545296
	179.010000	0.546419
	180.010000	0.547805
	181.010000	0.549501
	182.010000	0.551447
	183.010000	0.553416
	184.010000	0.555522
	185.010000	0.557436
	186.010000	0.559405
	187.010000	0.561078
	188.010000	0.562633
	189.010000	0.563691
	190.010000	0.564420
	191.010000	0.564661
	192.010000	0.564466
	193.010000	0.563838
	194.010000	0.562728
	195.010000	0.561387
	196.010000	0.559571
	197.010000	0.557638
	198.010000	0.555561
	199.010000	0.553315
	200.010000	0.551291
	201.010000	0.549459
	202.010000	0.547727
	203.010000	0.546272
	204.010000	0.545045
	205.010000	0.544365
	206.010000	0.543942
	207.010000	0.544000
	208.010000	0.544267
	209.010000	0.545003
	210.010000	0.546109
	211.010000	0.547548
	212.010000	0.549101
	213.010000	0.551053
	214.010000	0.553074
	215.010000	0.555190
	216.010000	0.557188
	217.010000	0.559089
	218.010000	0.560690
	219.010000	0.562191
	220.010000	0.563197
	221.010000	0.563942
	222.010000	0.564095
	223.010000	0.563812
	224.010000	0.563096
	225.010000	0.561930
	226.010000	0.560437
	227.010000	0.558611
	228.010000	0.556664
	229.010000	0.554624
	230.010000	0.552521
	231.010000	0.550396
	232.010000	0.548433
	233.010000	0.546