	0.010000	2.511986
	1.010000	2.520249
	2.010000	2.528803
	3.010000	2.537606
	4.010000	2.546446
	5.010000	2.555637
	6.010000	2.564633
	7.010000	2.573724
	8.010000	2.581974
	9.010000	2.589297
	10.010000	2.595133
	11.010000	2.599110
	12.010000	2.600903
	13.010000	2.600314
	14.010000	2.596998
	15.010000	2.591143
	16.010000	2.582719
	17.010000	2.571527
	18.010000	2.557671
	19.010000	2.541411
	20.010000	2.522602
	21.010000	2.501792
	22.010000	2.478622
	23.010000	2.453476
	24.010000	2.426433
	25.010000	2.397643
	26.010000	2.367264
	27.010000	2.335449
	28.010000	2.302440
	29.010000	2.268523
	30.010000	2.233650
	31.010000	2.198004
	32.010000	2.161767
	33.010000	2.125044
	34.010000	2.087687
	35.010000	2.050132
	36.010000	2.012348
	37.010000	1.974337
	38.010000	1.936547
	39.010000	1.898838
	40.010000	1.861468
	41.010000	1.824306
	42.010000	1.787535
	43.010000	1.751223
	44.010000	1.715405
	45.010000	1.680287
	46.010000	1.645560
	47.010000	1.611617
	48.010000	1.578214
	49.010000	1.545498
	50.010000	1.513437
	51.010000	1.481990
	52.010000	1.451211
	53.010000	1.421206
	54.010000	1.391800
	55.010000	1.363058
	56.010000	1.334631
	57.010000	1.307107
	58.010000	1.280262
	59.010000	1.254026
	60.010000	1.228419
	61.010000	1.203657
	62.010000	1.179286
	63.010000	1.155582
	64.010000	1.132451
	65.010000	1.109945
	66.010000	1.087853
	67.010000	1.066590
	68.010000	1.045773
	69.010000	1.025461
	70.010000	1.005617
	71.010000	0.986440
	72.010000	0.967928
	73.010000	0.949715
	74.010000	0.932074
	75.010000	0.915137
	76.010000	0.898698
	77.010000	0.883056
	78.010000	0.867703
	79.010000	0.852511
	80.010000	0.837725
	81.010000	0.823105
	82.010000	0.808892
	83.010000	0.795056
	84.010000	0.781292
	85.010000	0.767515
	86.010000	0.754405
	87.010000	0.741923
	88.010000	0.729803
	89.010000	0.718073
	90.010000	0.706750
	91.010000	0.695844
	92.010000	0.685432
	93.010000	0.675535
	94.010000	0.666230
	95.010000	0.657777
	96.010000	0.650051
	97.010000	0.643219
	98.010000	0.636892
	99.010000	0.631392
	100.010000	0.626754
	101.010000	0.622796
	102.010000	0.619574
	103.010000	0.617244
	104.010000	0.615541
	105.010000	0.614148
	106.010000	0.613533
	107.010000	0.613491
	108.010000	0.613865
	109.010000	0.614545
	110.010000	0.615593
	111.010000	0.616729
	112.010000	0.617982
	113.010000	0.619405
	114.010000	0.620768
	115.010000	0.621914
	116.010000	0.623053
	117.010000	0.623886
	118.010000	0.624661
	119.010000	0.624967
	120.010000	0.625029
	121.010000	0.624892
	122.010000	0.624293
	123.010000	0.623502
	124.010000	0.622288
	125.010000	0.621071
	126.010000	0.619574
	127.010000	0.617829
	128.010000	0.616241
	129.010000	0.614376
	130.010000	0.612391
	131.010000	0.610487
	132.010000	0.608876
	133.010000	0.607248
	134.010000	0.605696
	135.010000	0.604651
	136.010000	0.603434
	137.010000	0.602585
	138.010000	0.601992
	139.010000	0.601540
	140.010000	0.601289
	141.010000	0.601289
	142.010000	0.601524
	143.010000	0.602054
	144.010000	0.602409
	145.010000	0.603193
	146.010000	0.604049
	147.010000	0.604807
	148.010000	0.605995
	149.010000	0.607115
	150.010000	0.607978
	151.010000	0.608944
	152.010000	0.609696
	153.010000	0.610461
	154.010000	0.611118
	155.010000	0.611574
	156.010000	0.612056
	157.010000	0.612153
	158.010000	0.612218
	159.010000	0.612049
	160.010000	0.611925
	161.010000	0.611388
	162.010000	0.610956
	163.010000	0.610246
	164.010000	0.609507
	165.010000	0.608843
	166.010000	0.608170
	167.010000	0.607174
	168.010000	0.606532
	169.010000	0.605676
	170.010000	0.604860
	171.010000	0.604270
	172.010000	0.603825
	173.010000	0.603320
	174.010000	0.603011
	175.010000	0.602838
	176.010000	0.602943
	177.010000	0.603082
	178.010000	0.603327
	179.010000	0.603652
	180.010000	0.603925
	181.010000	0.604323
	182.010000	0.604788
	183.010000	0.605344
	184.010000	0.605634
	185.010000	0.606240
	186.010000	0.606685
	187.010000	0.607125
	188.010000	0.607496
	189.010000	0.608059
	190.010000	0.608336
	191.010000	0.608746
	192.010000	0.608876
	193.010000	0.608931
	194.010000	0.609032
	195.010000	0.609126
	196.010000	0.609123
	197.010000	0.609032
	198.010000	0.608694
	199.010000	0.608443
	200.010000	0.608277
	201.010000	0.607991
	202.010000	0.607659
	203.010000	0.607336
	204.010000	0.607040
	205.010000	0.606656
	206.010000	0.606376
	207.010000	0.605992
	208.010000	0.605657
	209.010000	0.605292
	210.010000	0.605065
	211.010000	0.604895
	212.010000	0.604733
	213.010000	0.604557
	214.010000	0.604528
	215.010000	0.604459
	216.010000	0.604433
	217.010000	0.604417
	218.010000	0.604489
	219.010000	0.604430
	220.010000	0.604589
	221.010000	0.604742
	222.010000	0.604586
	223.010000	0.604899
	224.010000	0.605117
	225.010000	0.605302
	226.010000	0.605520
	227.010000	0.605670
	228.010000	0.605816
	229.010000	0.605999
	230.010000	0.606113
	231.010000	0.606122
	232.010000	0.606070
	233.010000	0.606021
	234.010000	0.605898
	235.010000	0.605888
	236.010000	0.605738
