	0.010000	3.072590
	1.010000	3.079298
	2.010000	3.086194
	3.010000	3.092840
	4.010000	3.099825
	5.010000	3.106643
	6.010000	3.113384
	7.010000	3.119362
	8.010000	3.124352
	9.010000	3.127968
	10.010000	3.129455
	11.010000	3.128915
	12.010000	3.125859
	13.010000	3.120482
	14.010000	3.112430
	15.010000	3.101729
	16.010000	3.088196
	17.010000	3.071932
	18.010000	3.053182
	19.010000	3.031792
	20.010000	3.007971
	21.010000	2.981840
	22.010000	2.953345
	23.010000	2.923021
	24.010000	2.890549
	25.010000	2.856268
	26.010000	2.820359
	27.010000	2.783080
	28.010000	2.744561
	29.010000	2.704971
	30.010000	2.664063
	31.010000	2.622218
	32.010000	2.579631
	33.010000	2.536728
	34.010000	2.493330
	35.010000	2.449711
	36.010000	2.405724
	37.010000	2.361737
	38.010000	2.317926
	39.010000	2.274115
	40.010000	2.230717
	41.010000	2.187339
	42.010000	2.144494
	43.010000	2.101959
	44.010000	2.059951
	45.010000	2.018480
	46.010000	1.977608
	47.010000	1.937429
	48.010000	1.897777
	49.010000	1.858907
	50.010000	1.820808
	51.010000	1.783639
	52.010000	1.747011
	53.010000	1.711024
	54.010000	1.675897
	55.010000	1.641677
	56.010000	1.608196
	57.010000	1.575402
	58.010000	1.543210
	59.010000	1.512066
	60.010000	1.481599
	61.010000	1.451988
	62.010000	1.423048
	63.010000	1.394866
	64.010000	1.367452
	65.010000	1.340588
	66.010000	1.314361
	67.010000	1.288851
	68.010000	1.264295
	69.010000	1.240565
	70.010000	1.217141
	71.010000	1.194323
	72.010000	1.172227
	73.010000	1.150642
	74.010000	1.129812
	75.010000	1.109314
	76.010000	1.089659
	77.010000	1.070001
	78.010000	1.051277
	79.010000	1.032741
	80.010000	1.014971
	81.010000	0.997581
	82.010000	0.980465
	83.010000	0.963804
	84.010000	0.947879
	85.010000	0.932618
	86.010000	0.917204
	87.010000	0.902105
	88.010000	0.887850
	89.010000	0.874167
	90.010000	0.860188
	91.010000	0.847085
	92.010000	0.834242
	93.010000	0.821803
	94.010000	0.809546
	95.010000	0.797975
	96.010000	0.786584
	97.010000	0.755723
	98.010000	0.715443
	99.010000	0.704784
	100.010000	0.695850
	101.010000	0.686064
	102.010000	0.676016
	103.010000	0.666396
	104.010000	0.657396
	105.010000	0.648752
	106.010000	0.640967
	107.010000	0.633966
	108.010000	0.627877
	109.010000	0.622412
	110.010000	0.617956
	111.010000	0.614142
	112.010000	0.610910
	113.010000	0.609104
	114.010000	0.608615
	115.010000	0.609725
	116.010000	0.613195
	117.010000	0.623600
	118.010000	0.642650
	119.010000	0.643255
	120.010000	0.643994
	121.010000	0.645081
	122.010000	0.646903
	123.010000	0.648427
	124.010000	0.649673
	125.010000	0.650959
	126.010000	0.651863
	127.010000	0.651971
	128.010000	0.652173
	129.010000	0.643476
	130.010000	0.641881
	131.010000	0.640915
	132.010000	0.641159
	133.010000	0.640837
	134.010000	0.639239
	135.010000	0.636309
	136.010000	0.633572
	137.010000	0.630864
	138.010000	0.627925
	139.010000	0.625322
	140.010000	0.623157
	141.010000	0.621423
	142.010000	0.619763
	143.010000	0.618471
	144.010000	0.618126
	145.010000	0.603382
	146.010000	0.600056
	147.010000	0.606028
	148.010000	0.592004
	149.010000	0.584895
	150.010000	0.586838
	151.010000	0.588759
	152.010000	0.591056
	153.010000	0.593296
	154.010000	0.595548
	155.010000	0.597602
	156.010000	0.599483
	157.010000	0.600931
	158.010000	0.602034
	159.010000	0.602653
	160.010000	0.602848
	161.010000	0.602285
	162.010000	0.601273
	163.010000	0.599620
	164.010000	0.597751
	165.010000	0.595623
	166.010000	0.593302
	167.010000	0.590731
	168.010000	0.588254
	169.010000	0.585729
	170.010000	0.583502
	171.010000	0.581527
	172.010000	0.579867
	173.010000	0.578565
	174.010000	0.577605
	175.010000	0.577022
	176.010000	0.576902
	177.010000	0.577465
	178.010000	0.577911
	179.010000	0.578952
	180.010000	0.580557
	181.010000	0.582145
	182.010000	0.584137
	183.010000	0.586506
	184.010000	0.588785
	185.010000	0.591330
	186.010000	0.593432
	187.010000	0.595190
	188.010000	0.596794
	189.010000	0.598054
	190.010000	0.599066
	191.010000	0.598975
	192.010000	0.598698
	193.010000	0.597924
	194.010000	0.596612
	195.010000	0.594904
	196.010000	0.593022
	197.010000	0.590711
	198.010000	0.588469
	199.010000	0.585989
	200.010000	0.583698
	201.010000	0.581654
	202.010000	0.579825
	203.010000	0.578318
	204.010000	0.577146
	205.010000	0.576375
	206.010000	0.575714
	207.010000	0.575886
	208.010000	0.576235
	209.010000	0.576808
	210.010000	0.578132
	211.010000	0.579437
	212.010000	0.581312
	213.010000	0.583473
	214.010000	0.585631
	215.010000	0.587984
	216.010000	0.590240
	217.010000	0.592254
	218.010000	0.594129
	219.010000	0.595515
	220.010000	0.596485
	221.010000	0.597126
	222.010000	0.597188
	223.010000	0.596908
	224.010000	0.596222
	225.010000	0.594887
	226.010000	0.593071
	227.010000	0.590910
	228.010000	0.588690
	229.010000	0.586191
	230.010000	0.583642
	231.010000	0.581406
	232.010000	0.579200
	233.010000	0.577319
	234.010000	0.575831
	235.010000	0.574764
	236.010000	0.573914
	237.010000	0.573488
	238.010000	0.573722
	239.010000	0.574262
	240.010000	0.575206
	241.010000	0.576157
	242.010000	0.577820
	243.010000	0.579616
	244.010000	0.581631
	245.010000	0.583740
	246.010000	0.586083
	247.010000	0.588352
	248.010000	0.590350
	249.010000	0.592095
	250.010000	0.593703
	251.010000	0.594679
	252.010000	0.595424
	253.010000	0.595441
	254.010000	0.594910
	255.010000	0.594171
	256.010000	0.592837
	257.010000	0.590972
	258.010000	0.588934
	259.010000	0.586627
	260.010000	0.584277
	261.010000	0.581904
	262.010000	0.579642
	263.010000	0.577615
	264.010000	0.575763
	265.010000	0.574295
	266.010000	0.573094
	267.010000	0.572378
	268.010000	0.571929
	269.010000	0.571929
	270.010000	0.572437
	271.010000	0.573198
	272.010000	0.574451
	273.010000	0.575734
	274.010000	0.577520
	275.010000	0.579431
	276.010000	0.581758
	277.010000	0.583997
	278.010000	0.586314
	279.010000	0.588528
	280.010000	0.590633
	281.010000	0.592231
	282.010000	0.593445
	283.010000	0.594399
	284.010000	0.594877
	285.010000	0.594565
	286.010000	0.593878
	287.010000	0.592726
	288.010000	0.591102
	289.010000	0.588996
	290.010000	0.586790
	291.010000	0.584505
	292.010000	0.582012
	293.010000	0.579743
	294.010000	0.577592
	295.010000	0.575727
	296.010000	0.574090
	297.010000	0.572723
	298.010000	0.571727
	299.010000	0.571141
	300.010000	0.570991
	301.010000	0.571457
	302.010000	0.572153
	303.010000	0.573452
	304.010000	0.574790
	305.010000	0.576596
	306.010000	0.578894
	307.010000	0.581299
	308.010000	0.583737
	309.010000	0.586119
	310.010000	0.588524
	311.010000	0.590620
	312.010000	0.592459
	313.010000	0.593852
	314.010000	0.594890
	315.010000	0.595564
	316.010000	0.595379
	317.010000	0.594835
	318.010000	0.593729
	319.010000	0.591945
	320.010000	0.590122
	321.010000	0.588105
	322.010000	0.585904
	323.010000	0.583594
	324.010000	0.581338
	325.010000	0.579187
	326.010000	0.577283
	327.010000	0.575646
	328.010000	0.574171
	329.010000	0.573182
	330.010000	0.572443
	331.010000	0.571978
	332.010000	0.572196
	333.010000	0.572642
	334.010000	0.573651
	335.010000	0.574624
	336.010000	0.576306
	337.010000	0.578220
	338.010000	0.580160
	339.010000	0.582471
	340.010000	0.584873
	341.010000	0.586988
	342.010000	0.589009
	343.010000	0.590871
	344.010000	0.592567
	345.010000	0.593774
	346.010000	0.594620
	347.010000	0.594454
	348.010000	0.594161
	349.010000	0.593410
	350.010000	0.591899
	351.010000	0.589823
	352.010000	0.587766
	353.010000	0.585501
	354.010000	0.583070
	355.010000	0.580472
	356.010000	0.578090
	357.010000	0.575952
	358.010000	0.574148
	359.010000	0.572606
	360.010000	0.571245
	361.010000	0.570311
	362.010000	0.569755
	363.010000	0.569673
	364.010000	0.569996
	365.010000	0.570536
	366.010000	0.571740
	367.010000	0.573016
	368.010000	0.574777
	369.010000	0.576856
	370.010000	0.579053
	371.010000	0.581367
	372.010000	0.583857
	373.010000	0.586158
	374.010000	0.588043
	375.010000	0.589999
	376.010000	0.591411
	377.010000	0.592423
	378.010000	0.592720
	379.010000	0.592459
	380.010000	0.592082
	381.010000	0.591056
	382.010000	0.589432
	383.010000	0.587506
	384.010000	0.585410
	385.010000	0.583148
	386.010000	0.580801
	387.010000	0.578780
	388.010000	0.576710
	389.010000	0.574975
	390.010000	0.573452
	391.010000	0.572479
	392.010000	0.571698
	393.010000	0.571226
	394.010000	0.571096
	395.010000	0.571265
	396.010000	0.572069
	397.010000	0.573032
	398.010000	0.574106
	399.010000	0.575750
	400.010000	0.577608
	401.010000	0.579571
	402.010000	0.581566
	403.010000	0.583720
	404.010000	0.586005
	405.010000	0.588072
	406.010000	0.589956
	407.010000	0.591545
	408.010000	0.592655
	409.010000	0.593468
	410.010000	0.593527
	411.010000	0.593283
	412.010000	0.592342
	413.010000	0.590894
	414.010000	0.588980
	415.010000	0.586819
	416.010000	0.584479
	417.010000	0.582171
	418.010000	0.579717
	419.010000	0.577397
	420.010000	0.575379
	421.010000	0.573491
	422.010000	0.572163
