	0.010000	2.591898
	1.010000	2.583130
	2.010000	2.572331
	3.010000	2.559195
	4.010000	2.543634
	5.010000	2.525750
	6.010000	2.505701
	7.010000	2.483247
	8.010000	2.458716
	9.010000	2.432230
	10.010000	2.403804
	11.010000	2.373561
	12.010000	2.341874
	13.010000	2.308780
	14.010000	2.274505
	15.010000	2.239287
	16.010000	2.202818
	17.010000	2.165650
	18.010000	2.127782
	19.010000	2.089403
	20.010000	2.050522
	21.010000	2.011463
	22.010000	1.972173
	23.010000	1.932811
	24.010000	1.893608
	25.010000	1.854497
	26.010000	1.815695
	27.010000	1.777355
	28.010000	1.739356
	29.010000	1.701872
	30.010000	1.664844
	31.010000	1.628369
	32.010000	1.592639
	33.010000	1.557303
	34.010000	1.522748
	35.010000	1.488672
	36.010000	1.455292
	37.010000	1.422625
	38.010000	1.390504
	39.010000	1.359113
	40.010000	1.328509
	41.010000	1.298824
	42.010000	1.269824
	43.010000	1.241636
	44.010000	1.214137
	45.010000	1.187465
	46.010000	1.161304
	47.010000	1.135768
	48.010000	1.110769
	49.010000	1.086499
	50.010000	1.062743
	51.010000	1.039836
	52.010000	1.017422
	53.010000	0.995547
	54.010000	0.974437
	55.010000	0.953659
	56.010000	0.933604
	57.010000	0.914183
	58.010000	0.895248
	59.010000	0.876813
	60.010000	0.858932
	61.010000	0.841559
	62.010000	0.824628
	63.010000	0.808221
	64.010000	0.792390
	65.010000	0.776866
	66.010000	0.761826
	67.010000	0.747157
	68.010000	0.732872
	69.010000	0.719206
	70.010000	0.705634
	71.010000	0.692609
	72.010000	0.679925
	73.010000	0.667668
	74.010000	0.655880
	75.010000	0.644557
	76.010000	0.633868
	77.010000	0.623753
	78.010000	0.614568
	79.010000	0.606028
	80.010000	0.598288
	81.010000	0.591567
	82.010000	0.585582
	83.010000	0.580541
	84.010000	0.576329
	85.010000	0.572882
	86.010000	0.570191
	87.010000	0.568267
	88.010000	0.566975
	89.010000	0.566480
	90.010000	0.566480
	91.010000	0.567157
	92.010000	0.568118
	93.010000	0.569491
	94.010000	0.571183
	95.010000	0.572899
	96.010000	0.574624
	97.010000	0.576430
	98.010000	0.577898
	99.010000	0.579083
	100.010000	0.579913
	101.010000	0.580404
	102.010000	0.580446
	103.010000	0.580020
	104.010000	0.579063
	105.010000	0.577878
	106.010000	0.576183
	107.010000	0.574126
	108.010000	0.571773
	109.010000	0.569306
	110.010000	0.566617
	111.010000	0.563939
	112.010000	0.561501
	113.010000	0.559125
	114.010000	0.556869
	115.010000	0.555089
	116.010000	0.553693
	117.010000	0.552541
	118.010000	0.551734
	119.010000	0.551568
	120.010000	0.551815
	121.010000	0.552332
	122.010000	0.553335
	123.010000	0.554643
	124.010000	0.556105
	125.010000	0.557976
	126.010000	0.559763
	127.010000	0.561771
	128.010000	0.563805
	129.010000	0.565595
	130.010000	0.567421
	131.010000	0.568879
	132.010000	0.570129
	133.010000	0.571099
	134.010000	0.571590
	135.010000	0.571799
	136.010000	0.571652
	137.010000	0.571219
	138.010000	0.570435
	139.010000	0.569250
	140.010000	0.567769
	141.010000	0.566266
	142.010000	0.564524
	143.010000	0.562835
	144.010000	0.560941
	145.010000	0.559236
	146.010000	0.557585
	147.010000	0.556170
	148.010000	0.554884
	149.010000	0.553930
	150.010000	0.553133
	151.010000	0.552814
	152.010000	0.552733
	153.010000	0.553071
	154.010000	0.553553
	155.010000	0.554373
	156.010000	0.555359
	157.010000	0.556684
	158.010000	0.558002
	159.010000	0.559437
	160.010000	0.560993
	161.010000	0.562288
	162.010000	0.563694
	163.010000	0.564850
	164.010000	0.565859
	165.010000	0.566718
	166.010000	0.567307
	167.010000	0.567590
	168.010000	0.567792
	169.010000	0.567607
	170.010000	0.567141
	171.010000	0.566396
	172.010000	0.565273
	173.010000	0.564160
	174.010000	0.562845
	175.010000	0.561543
	176.010000	0.560092
	177.010000	0.558666
	178.010000	0.557306
	179.010000	0.556072
	180.010000	0.554962
	181.010000	0.554184
	182.010000	0.553364
	183.010000	0.552922
	184.010000	0.552690
	185.010000	0.552769
	186.010000	0.553045
	187.010000	0.553465
	188.010000	0.554295
	189.010000	0.554969
	190.010000	0.556121
	191.010000	0.557133
	192.010000	0.558230
	193.010000	0.559389
	194.010000	0.560505
	195.010000	0.561618
	196.010000	0.562542
	197.010000	0.563411
	198.010000	0.564013
	199.010000	0.564371
	200.010000	0.564700
	201.010000	0.564739
	202.010000	0.564677
	203.010000	0.564375
	204.010000	0.563867
	205.010000	0.563115
	206.010000	0.562204
	207.010000	0.561266
	208.010000	0.560150
	209.010000	0.559018
	210.010000	0.557914
	211.010000	0.556791
	212.010000	0.555750
	213.010000	0.554806
	214.010000	0.554005
	215.010000	0.553374
	216.010000	0.552964
	217.010000	0.552710
	218.010000	0.552681
	219.010000	0.552821
	220.010000	0.553169
	221.010000	0.553605
	222.010000	0.554256
	223.010000	0.555096
	224.010000	0.555854
	225.010000	0.556830
	226.010000	0.557716
	227.010000	0.558725
	228.010000	0.559499
	229.010000	0.560352
	230.010000	0.561032
	231.010000	0.561660
	232.010000	0.562087
	233.010000	0.562272
	234.010000	0.562402
	235.010000	0.562301
	236.010000	0.562074
	237.010000	0.561618
	238.010000	0.561029
	239.010000	0.560397
	240.010000	0.559743
	241.010000	0.558858
	242.010000	0.558025
	243.010000	0.557211
	244.010000	0.556456
	245.010000	0.555704
	246.010000	0.555034
	247.010000	0.554441
	248.010000	0.553904
	249.010000	0.553644
	250.010000	0.553436
	251.010000	0.553403
	252.010000	0.553514
	253.010000	0.553771
	254.010000	0.554061
	255.010000	0.554516
	256.010000	0.555073
	257.010000	0.555600
	258.010000	0.556202
	259.010000	0.556850
	260.010000	0.557491
	261.010000	0.558223
	262.010000	0.558741
	263.010000	0.559356
	264.010000	0.559688
	265.010000	0.559952
	266.010000	0.560144
	267.010000	0.560232
	268.010000	0.560137
	269.010000	0.559987
	270.010000	0.559857
	271.010000	0.559405
	272.010000	0.558933
	273.010000	0.558370
	274.010000	0.557784
	275.010000	0.557159
	276.010000	0.556554
	277.010000	0.556004
	278.010000	0.555529
	279.010000	0.554962
	280.010000	0.554689
	281.010000	0.554315
	282.010000	0.553976
	283.010000	0.553748
	284.010000	0.553683
	285.010000	0.553625
	286.010000	0.553670
	287.010000	0.553885
	288.010000	0.554162
	289.010000	0.554497
	290.010000	0.554907
	291.010000	0.555473
	292.010000	0.555909
	293.010000	0.556511
	294.010000	0.556996
	295.010000	0.557354
	296.010000	0.557784
	297.010000	0.558087
	298.010000	0.558438
	299.010000	0.558656
	300.010000	0.558825
	301.010000	0.558819
	302.010000	0.558829
	303.010000	0.558822
	304.010000	0.558650
	305.010000	0.558357
	306.010000	0.557986
	307.010000	0.557625
	308.010000	0.557146
	309.010000	0.556720
	310.010000	0.556222
	311.010000	0.555821
	312.010000	0.555310
	313.010000	0.554972
	314.010000	0.554712
	315.010000	0.554585
	316.010000	0.554441
	317.010000	0.554464
	318.010000	0.554461
	319.010000	0.554627
	320.010000	0.554832
	321.010000	0.555034
	322.010000	0.555372
	323.010000	0.555678
	324.010000	0.556137
	325.010000	0.556531
	326.010000	0.556948
	327.010000	0.557276
	328.010000	0.557621
	329.010000	0.557800
	330.010000	0.558031
	331.010000	0.558139
	332.010000	0.558233
	333.010000	0.558279
	334.010000	0.558178
	335.010000	0.558031
	336.010000	0.557768
	337.010000	0.557459
	338.010000	0.557149
	339.010000	0.556798
	340.010000	0.556433
	341.010000	0.556150
	342.010000	0.555890
	343.010000	0.555424
	344.010000	0.555249
	345.010000	0.554956
	346.010000	0.554689
	347.010000	0.554614
	348.010000	0.554409
	349.010000	0.554262
	350.010000	0.554318
	351.010000	0.554308
	352.010000	0.554428
	353.010000	0.554572
	354.010000	0.554809
	355.010000	0.555105
	356.010000	0.555258
	357.010000	0.555545
	358.010000	0.555987
	359.010000	0.556284
	360.010000	0.556723
	361.010000	0.557006
	362.010000	0.557286
	363.010000	0.557634
	364.010000	0.557787
	365.010000	0.558048
	366.010000	0.558022
	367.010000	0.558070
	368.010000	0.557865
	369.010000	0.557592
	370.010000	0.557406
	371.010000	0.557052
	372.010000	0.556612
	373.010000	0.556238
	374.010000	0.555847
	375.010000	0.555486
	376.010000	0.555096
	377.010000	0.554835
	378.010000	0.554594
	379.010000	0.554389
	380.010000	0.554246
	381.010000	0.554158
	382.010000	0.554204
	383.010000	0.554175
	384.010000	0.554308
	385.010000	0.554516
	386.010000	0.554699
	387.010000	0.555092
	388.010000	0.555340
	389.010000	0.555776
	390.010000	0.556046
	391.010000	0.556342
	392.010000	0.556739
	393.010000	0.557120
	394.010000	0.557432
	395.010000	0.557569
	396.010000	0.557768
	397.010000	0.557820
	398.010000	0.557781
	399.010000	0.557664
	400.010000	0.557559
	401.010000	0.557270
	402.010000	0.557087
	403.010000	0.556746
	404.010000	0.556345
	405.010000	0.555952
	406.010000	0.555502
	407.010000	0.555180
	408.010000	0.554822
	409.010000	0.554581
	410.010000	0.554282
	411.010000	0.554279
	412.010000	0.554158
	413.010000	0.554178
	414.010000	0.554441
	415.010000	0.554673
	416.010000	0.554891
	417.010000	0.555265
