	0.010000	1.816651
	1.010000	1.805241
	2.010000	1.793468
	3.010000	1.782119
	4.010000	1.771783
	5.010000	1.762663
	6.010000	1.754897
	7.010000	1.748687
	8.010000	1.743581
	9.010000	1.739281
	10.010000	1.734943
	11.010000	1.730412
	12.010000	1.725657
	13.010000	1.719965
	14.010000	1.713150
	15.010000	1.705176
	16.010000	1.695919
	17.010000	1.685270
	18.010000	1.673186
	19.010000	1.659548
	20.010000	1.644222
	21.010000	1.627662
	22.010000	1.609628
	23.010000	1.590432
	24.010000	1.570107
	25.010000	1.548685
	26.010000	1.526436
	27.010000	1.503445
	28.010000	1.479848
	29.010000	1.455585
	30.010000	1.431204
	31.010000	1.406332
	32.010000	1.381196
	33.010000	1.356073
	34.010000	1.330781
	35.010000	1.305431
	36.010000	1.280376
	37.010000	1.255367
	38.010000	1.230511
	39.010000	1.206062
	40.010000	1.181887
	41.010000	1.157900
	42.010000	1.134271
	43.010000	1.110713
	44.010000	1.087566
	45.010000	1.064933
	46.010000	1.042391
	47.010000	1.020592
	48.010000	0.999179
	49.010000	0.978180
	50.010000	0.957575
	51.010000	0.937786
	52.010000	0.918346
	53.010000	0.899209
	54.010000	0.880611
	55.010000	0.862695
	56.010000	0.845002
	57.010000	0.827785
	58.010000	0.810913
	59.010000	0.794548
	60.010000	0.778587
	61.010000	0.763141
	62.010000	0.747990
	63.010000	0.733302
	64.010000	0.719027
	65.010000	0.705338
	66.010000	0.692055
	67.010000	0.679375
	68.010000	0.667359
	69.010000	0.655916
	70.010000	0.645204
	71.010000	0.635444
	72.010000	0.626409
	73.010000	0.618314
	74.010000	0.611063
	75.010000	0.604589
	76.010000	0.598926
	77.010000	0.594275
	78.010000	0.590275
	79.010000	0.587112
	80.010000	0.584638
	81.010000	0.583011
	82.010000	0.581862
	83.010000	0.581205
	84.010000	0.581120
	85.010000	0.581345
	86.010000	0.581986
	87.010000	0.583060
	88.010000	0.584342
	89.010000	0.585546
	90.010000	0.587135
	91.010000	0.588612
	92.010000	0.589901
	93.010000	0.591262
	94.010000	0.592472
	95.010000	0.593455
	96.010000	0.594227
	97.010000	0.594725
	98.010000	0.594995
	99.010000	0.594887
	100.010000	0.594555
	101.010000	0.594028
	102.010000	0.593094
	103.010000	0.591997
	104.010000	0.590767
	105.010000	0.589338
	106.010000	0.587711
	107.010000	0.586008
	108.010000	0.584384
	109.010000	0.582578
	110.010000	0.580990
	111.010000	0.579382
	112.010000	0.577986
	113.010000	0.576560
	114.010000	0.575398
	115.010000	0.574269
	116.010000	0.573429
	117.010000	0.572860
	118.010000	0.572274
	119.010000	0.571965
	120.010000	0.571886
	121.010000	0.571922
	122.010000	0.572163
	123.010000	0.572563
	124.010000	0.573149
	125.010000	0.573595
	126.010000	0.574331
	127.010000	0.574933
	128.010000	0.575717
	129.010000	0.576456
	130.010000	0.577214
	131.010000	0.577862
	132.010000	0.578448
	133.010000	0.579030
	134.010000	0.579424
	135.010000	0.579926
	136.010000	0.580290
	137.010000	0.580544
	138.010000	0.580619
	139.010000	0.580772
	140.010000	0.580801
	141.010000	0.580599
	142.010000	0.580456
	143.010000	0.580170
	144.010000	0.579753
	145.010000	0.579362
	146.010000	0.578868
	147.010000	0.578409
	148.010000	0.577751
	149.010000	0.577143
	150.010000	0.576560
	151.010000	0.576078
	152.010000	0.575577
	153.010000	0.575109
	154.010000	0.574900
	155.010000	0.574412
	156.010000	0.574142
	157.010000	0.573846
	158.010000	0.573647
	159.010000	0.573524
	160.010000	0.573514
	161.010000	0.573406
	162.010000	0.573507
	163.010000	0.573729
	164.010000	0.573800
	165.010000	0.574119
	166.010000	0.574288
	167.010000	0.574663
	168.010000	0.574832
	169.010000	0.575086
	170.010000	0.575402
	171.010000	0.575610
	172.010000	0.575786
	173.010000	0.575909
	174.010000	0.576124
	175.010000	0.576293
	176.010000	0.576336
	177.010000	0.576248
	178.010000	0.576349
	179.010000	0.576241
	180.010000	0.576284
	181.010000	0.576111
	182.010000	0.576036
	183.010000	0.575815
	184.010000	0.575665
	185.010000	0.575470
	186.010000	0.575389
	187.010000	0.575174
	188.010000	0.574884
	189.010000	0.574656
	190.010000	0.574396
	191.010000	0.574227
	192.010000	0.574012
	193.010000	0.573813
	194.010000	0.573729
	195.010000	0.573563
	196.010000	0.573511
	197.010000	0.573452
	198.010000	0.573481
	199.010000	0.573478
	200.010000	0.573475
	201.010000	0.573475
	202.010000	0.573592
	203.010000	0.573693
	204.010000	0.573797
	205.010000	0.573875
	206.010000	0.573771
	207.010000	0.574054
	208.010000	0.574077
	209.010000	0.574227
	210.010000	0.574318
	211.010000	0.574347
	212.010000	0.574467
	213.010000	0.574428
	214.010000	0.574526
	215.010000	0.574520
	216.010000	0.574699
	217.010000	0.574656
	218.010000	0.574773
	219.010000	0.574962
	220.010000	0.576534
	221.010000	0.587854
	222.010000	0.604573
	223.010000	0.621846
	224.010000	0.640209
	225.010000	0.658959
	226.010000	0.678425
	227.010000	0.697331
	228.010000	0.715727
	229.010000	0.733826
	230.010000	0.751212
	231.010000	0.767912
	232.010000	0.783583
	233.010000	0.798356
	234.010000	0.812478
	235.010000	0.825900
	236.010000	0.838024
	237.010000	0.849744
	238.010000	0.861334
	239.010000	0.872315
	240.010000	0.882252
	241.010000	0.891557
	242.010000	0.900169
	243.010000	0.907987
	244.010000	0.914847
	245.010000	0.918063
	246.010000	0.905529
	247.010000	0.893415
	248.010000	0.879313
	249.010000	0.862405
	250.010000	0.844088
	251.010000	0.824963
	252.010000	0.806128
	253.010000	0.787941
	254.010000	0.770620
	255.010000	0.754265
	256.010000	0.739043
	257.010000	0.724928
	258.010000	0.711626
	259.010000	0.699541
	260.010000	0.688339
	261.010000	0.678151
	262.010000	0.668758
	263.010000	0.660169
	264.010000	0.652361
	265.010000	0.645198
	266.010000	0.638708
	267.010000	0.632772
	268.010000	0.627414
	269.010000	0.622568
	270.010000	0.618230
	271.010000	0.614288
	272.010000	0.610920
	273.010000	0.607763
	274.010000	0.605042
	275.010000	0.602698
	276.010000	0.600648
	277.010000	0.598861
	278.010000	0.597315
	279.010000	0.595955
	280.010000	0.594842
	281.010000	0.593895
	282.010000	0.593026
	283.010000	0.592254
	284.010000	0.591600
	285.010000	0.590991
	286.010000	0.590321
	287.010000	0.589784
	288.010000	0.589292
	289.010000	0.588765
	290.010000	0.588284
	291.010000	0.587610
	292.010000	0.587014
	293.010000	0.586386
	294.010000	0.585696
	295.010000	0.584869
	296.010000	0.584121
	297.010000	0.583457
	298.010000	0.582594
	299.010000	0.581758
	300.010000	0.581000
	301.010000	0.580323
	302.010000	0.579649
	303.010000	0.579063
	304.010000	0.578419
	305.010000	0.577856
	306.010000	0.577377
	307.010000	0.576961
	308.010000	0.576583
	309.010000	0.576228
	310.010000	0.576007
	311.010000	0.575880
	312.010000	0.575685
	313.010000	0.575633
	314.010000	0.575568
	315.010000	0.575568
	316.010000	0.575554
	317.010000	0.575590
	318.010000	0.575532
	319.010000	0.575646
	320.010000	0.575727
	321.010000	0.575763
	322.010000	0.575818
	323.010000	0.575971
	324.010000	0.576065
	325.010000	0.576062
	326.010000	0.576179
	327.010000	0.576293
	328.010000	0.576261
	329.010000	0.576010
	330.010000	0.576105
	331.010000	0.575981
	332.010000	0.576052
	333.010000	0.576118
	334.010000	0.576297
	335.010000	0.576642
	336.010000	0.577201
	337.010000	0.578002
	338.010000	0.578985
	339.010000	0.580319
	340.010000	0.581979
	341.010000	0.583958
	342.010000	0.586214
	343.010000	0.588788
	344.010000	0.591607
	345.010000	0.594933
	346.010000	0.598422
	347.010000	0.602142
	348.010000	0.606119
	349.010000	0.610435
	350.010000	0.615014
	351.010000	0.619815
	352.010000	0.624960
	353.010000	0.630353
	354.010000	0.635925
	355.010000	0.641719
	356.010000	0.647694
	357.010000	0.653872
	358.010000	0.660309
	359.010000	0.666848
	360.010000	0.673575
	361.010000	0.680540
	362.010000	0.687626
	363.010000	0.694773
	364.010000	0.701920
	365.010000	0.708941
	366.010000	0.715567
	367.010000	0.721705
	368.010000	0.727167
	369.010000	0.731740
	370.010000	0.735476
	371.010000	0.738174
	372.010000	0.739808
	373.010000	0.740517
	374.010000	0.740254
	375.010000	0.738880
	376.010000	0.736674
	377.010000	0.733533
	378.010000	0.729504
	379.010000	0.724768
	380.010000	0.719121
	381.010000	0.712941
	382.010000	0.706142
	383.010000	0.698907
	384.010000	0.691118
	385.010000	0.682936
	386.010000	0.674344
	387.010000	0.665556
	388.010000	0.656619
	389.010000	0.647515
	390.010000	0.638571
	391.010000	0.629670
	392.010000	0.621221
	393.010000	0.612921
	394.010000	0.605026
	395.010000	0.597771
	396.010000	0.590962
	397.010000	0.584918
	398.010000	0.579431
	399.010000	0.574575
	400.010000	0.570477
	401.010000	0.566946
	402.010000	0.564183
	403.010000	0.562015
	404.010000	0.560443
	405.010000	0.559470
	406.010000	0.559063
	407.010000	0.559086
	408.010000	0.559603
	409.010000	0.560651
	410.010000	0.562009
	411.010000	0.563597
	412.010000	0.565351
	413.010000	0.567353
	414.010000	0.569406
	415.010000	0.571450
	416.010000	0.573585
	417.010000	0.575447
	418.010000	0.577309
	419.010000	0.578926
	420.010000	0.580290
	421.010000	0.581390
	422.010000	0.582220
	423.010000	0.582806
	424.010000	0.582956
	425.010000	0.582848
	426.010000	0.582464
	427.010000	0.581755
	428.010000	0.580837
	429.010000	0.579688
	430.010000	0.578337
	431.010000	0.577009
	432.010000	0.575349
	433.010000	0.573745
	434.010000	0.572150
	435.010000	0.570490
	436.010000	0.568993
	437.010000	0.567499
	438.010000	0.566201
	439.010000	0.564941
	440.010000	0.563929
	441.010000	0.563070
	442.010000	0.562441
	443.010000	0.562057
	444.010000	0.561810
	445.010000	0.561690
	446.010000	0.561729
	447.010000	0.561908
	448.010000	0.562308
	449.010000	0.562887
	450.010000	0.563483
	451.010000	0.564098
	452.010000	0.564866
	453.010000	0.565735
	454.010000	0.566578
	455.010000	0.567402
	456.010000	0.568267
	457.010000	0.569136
	458.010000	0.569888
	459.010000	0.570389
	460.010000	0.570907
	461.010000	0.571255
	462.010000	0.571535
	463.010000	0.571786
	464.010000	0.571841
	465.010000	0.571815
	466.010000	0.571532
	467.010000	0.571379
	468.010000	0.571017
	469.010000	0.570568
	470.010000	0.570145
	471.010000	0.569563
	472.010000	0.569084
	473.010000	0.568437
	474.010000	0.567919
	475.010000	0.567376
	476.010000	0.566832
	477.010000	0.566432
	478.010000	0.565914
	479.010000	0.565595
	480.010000	0.565146
	481.010000	0.564899
	482.010000	0.564756
	483.010000	0.564642
	484.010000	0.564619
	485.010000	0.564537
	486.010000	0.564622
	487.010000	0.564765
	488.010000	0.565000
	489.010000	0.565182
	490.010000	0.565377
	491.010000	0.565761
	492.010000	0.566051
	493.010000	0.566331
	494.010000	0.566640
	495.010000	0.566978
	496.010000	0.567310
	497.010000	0.567662
	498.010000	0.567916
	499.010000	0.568199
	500.010000	0.568466
	501.010000	0.568703
	502.010000	0.568775
	503.010000	0.568996
	504.010000	0.569061
	505.010000	0.568974
	506.010000	0.568944
	507.010000	0.568882
	508.010000	0.568775
	509.010000	0.568648
	510.010000	0.568329
	511.010000	0.568179
	512.010000	0.567974
	513.010000	0.567616
	514.010000	0.567372
	515.010000	0.567164
	516.010000	0.566822
	517.010000	0.566546
	518.010000	0.566321
	519.010000	0.566025
	520.010000	0.565911
	521.010000	0.565725
	522.010000	0.565638
	523.010000	0.565533
	524.010000	0.565504
	525.010000	0.565517
	526.010000	0.565403
	527.010000	0.565416
	528.010000	0.565631
	529.010000	0.565638
	530.010000	0.565758
	531.010000	0.565826
	532.010000	0.566048
	533.010000	0.566204
	534.010000	0.566376
	535.010000	0.566598
	536.010000	0.566666
	537.010000	0.566731
	538.010000	0.566842
	539.010000	0.566803
	540.010000	0.566926
	541.010000	0.566845
	542.010000	0.566933
	543.010000	0.566933
	544.010000	0.566806
	545.010000	0.566933
	546.010000	0.566939
	547.010000	0.566923
	548.010000	0.566910
	549.010000	0.566878
	550.010000	0.566829
	551.010000	0.566780
	552.010000	0.566861
	553.010000	0.566754
	554.010000	0.566767
	555.010000	0.566646
	556.010000	0.566607
	557.010000	0.566568
	558.010000	0.566477
	559.010000	0.566376
	560.010000	0.566308
	561.010000	0.566266
	562.010000	0.566256
	563.010000	0.566249
	564.010000	0.566233
	565.010000	0.566194
	566.010000	0.566165
	567.010000	0.566132
	568.010000	0.566188
	569.010000	0.566210
	570.010000	0.566321
	571.010000	0.566686
	572.010000	0.567284
	573.010000	0.567961
	574.010000	0.569114
	575.010000	0.570152
	576.010000	0.571561
	577.010000	0.573221
	578.010000	0.575070
	579.010000	0.577208
	580.010000	0.579538
	581.010000	0.582064
	582.010000	0.584938
	583.010000	0.588101
	584.010000	0.591506
	585.010000	0.595164
	586.010000	0.599141
	587.010000	0.603278
	588.010000	0.607629
	589.010000	0.612375
	590.010000	0.617302
	591.010000	0.622360
	592.010000	0.627642
	593.010000	0.633055
	594.010000	0.638741
	595.010000	0.644433
	596.010000	0.650383
	597.010000	0.656446
	598.010000	0.662809
	599.010000	0.669230
	600.010000	0.675844
	601.010000	0.682539
	602.010000	0.689305
	603.010000	0.696280
	604.010000	0.703154
	605.010000	0.710086
	606.010000	0.717107
	607.010000	0.723967
	608.010000	0.730701
	609.010000	0.737308
	610.010000	0.743619
	611.010000	0.749565
	612.010000	0.755118
	613.010000	0.760251
	614.010000	0.764807
	615.010000	0.768993
	616.010000	0.772524
	617.010000	0.775512
	618.010000	0.777907
	619.010000	0.779726
	620.010000	0.780931
	621.010000	0.781663
	622.010000	0.781816
	623.010000	0.781744
	624.010000	0.781168
	625.010000	0.780237
	626.010000	0.779007
	627.010000	0.777575
	628.010000	0.776169
	629.010000	0.774574
	630.010000	0.772898
	631.010000	0.771398
	632.010000	0.770054
	633.010000	0.768758
	634.010000	0.767743
	635.010000	0.766831
	636.010000	0.766093
	637.010000	0.765696
	638.010000	0.765536
	639.010000	0.765539
	640.010000	0.765816
	641.010000	0.766444
	642.010000	0.767216
	643.010000	0.768293
	644.010000	0.769403
	645.010000	0.770770
	646.010000	0.772218
	647.010000	0.773741
	648.010000	0.775284
	649.010000	0.776791
	650.010000	0.778171
	651.010000	0.779684
	652.010000	0.780944
	653.010000	0.782112
	654.010000	0.783085
	655.010000	0.784023
	656.010000	0.784696
	657.010000	0.785272
	658.010000	0.785728
	659.010000	0.785783
	660.010000	0.785787
	661.010000	0.785653
	662.010000	0.785302
	663.010000	0.784748
	664.010000	0.784172
	665.010000	0.783616
	666.010000	0.782910
	667.010000	0.782141
	668.010000	0.781328
	669.010000	0.780446
	670.010000	0.779687
	671.010000	0.778880
	672.010000	0.778161
	673.010000	0.777689
	674.010000	0.777159
	675.010000	0.776801
	676.010000	0.776508
	677.010000	0.776371
	678.010000	0.776299
	679.010000	0.776348
	680.010000	0.776264
	681.010000	0.776433
	682.010000	0.776651
	683.010000	0.776921
	684.010000	0.777373
	685.010000	0.777832
	686.010000	0.778262
	687.010000	0.778792
	688.010000	0.779189
	689.010000	0.779150
	690.010000	0.778867
	691.010000	0.778089
	692.010000	0.776566
	693.010000	0.774408
	694.010000	0.771583
	695.010000	0.767932
	696.010000	0.763622
	697.010000	0.758639
	698.010000	0.752950
	699.010000	0.746597
	700.010000	0.739616
	701.010000	0.732124
	702.010000	0.724186
	703.010000	0.715779
	704.010000	0.706959
	705.010000	0.697976
	706.010000	0.688635
	707.010000	0.679151
	708.010000	0.669240
	709.010000	0.659509
	710.010000	0.649566
	711.010000	0.639492
	712.010000	0.629468
	713.010000	0.619314
	714.010000	0.609247
	715.010000	0.599164
	716.010000	0.589117
	717.010000	0.579346
	718.010000	0.569566
	719.010000	0.560004
	720.010000	0.550559
	721.010000	0.541371
	722.010000	0.532385
	723.010000	0.523600
	724.010000	0.515145
	725.010000	0.507158
	726.010000	0.499522
	727.010000	0.492277
	728.010000	0.485641
	729.010000	0.479480
	730.010000	0.474009
	731.010000	0.469111
	732.010000	0.464733
	733.010000	0.460977
	734.010000	0.457784
	735.010000	0.455164
	736.010000	0.453052
	737.010000	0.451480
	738.010000	0.450445
	739.010000	0.449989
	740.010000	0.449768
	741.010000	0.449833
	742.010000	0.450370
	743.010000	0.451115
	744.010000	0.452004
	745.010000	0.453117
	746.010000	0.454360
	747.010000	0.455535
	748.010000	0.456779
	749.010000	0.457960
	750.010000	0.459067
	751.010000	0.460082
	752.010000	0.460863
	753.010000	0.461478
	754.010000	0.461807
	755.010000	0.462090
	756.010000	0.462084
	757.010000	0.461817
	758.010000	0.461355
	759.010000	0.460824
	760.010000	0.459919
	761.010000	0.459057
	762.010000	0.457976
	763.010000	0.456785
	764.010000	0.455421
	765.010000	0.454233
	766.010000	0.452987
	767.010000	0.451724
	768.010000	0.450614
	769.010000	0.449628
	770.010000	0.448590
	771.010000	0.447786
