	0.010000	2.455641
	1.010000	2.461808
	2.010000	2.468428
	3.010000	2.475446
	4.010000	2.482433
	5.010000	2.489649
	6.010000	2.496887
	7.010000	2.503869
	8.010000	2.510118
	9.010000	2.515488
	10.010000	2.519439
	11.010000	2.522056
	12.010000	2.522804
	13.010000	2.521401
	14.010000	2.517769
	15.010000	2.511569
	16.010000	2.502847
	17.010000	2.491449
	18.010000	2.477747
	19.010000	2.461548
	20.010000	2.442772
	21.010000	2.421711
	22.010000	2.398518
	23.010000	2.373246
	24.010000	2.346105
	25.010000	2.317161
	26.010000	2.286883
	27.010000	2.255033
	28.010000	2.221877
	29.010000	2.187658
	30.010000	2.152296
	31.010000	2.116306
	32.010000	2.079586
	33.010000	2.042330
	34.010000	2.004768
	35.010000	1.966731
	36.010000	1.928632
	37.010000	1.890419
	38.010000	1.852329
	39.010000	1.814383
	40.010000	1.776668
	41.010000	1.739402
	42.010000	1.702474
	43.010000	1.666162
	44.010000	1.630234
	45.010000	1.594976
	46.010000	1.560157
	47.010000	1.526068
	48.010000	1.492503
	49.010000	1.459761
	50.010000	1.427487
	51.010000	1.395914
	52.010000	1.365118
	53.010000	1.335097
	54.010000	1.305590
	55.010000	1.276923
	56.010000	1.248894
	57.010000	1.221620
	58.010000	1.194850
	59.010000	1.168956
	60.010000	1.143498
	61.010000	1.118857
	62.010000	1.094687
	63.010000	1.071140
	64.010000	1.048214
	65.010000	1.025926
	66.010000	1.004110
	67.010000	0.983033
	68.010000	0.962453
	69.010000	0.942606
	70.010000	0.922994
	71.010000	0.904153
	72.010000	0.885679
	73.010000	0.867739
	74.010000	0.850324
	75.010000	0.833393
	76.010000	0.816940
	77.010000	0.800924
	78.010000	0.785370
	79.010000	0.770307
	80.010000	0.755492
	81.010000	0.741172
	82.010000	0.727193
	83.010000	0.713670
	84.010000	0.700505
	85.010000	0.687753
	86.010000	0.675571
	87.010000	0.663652
	88.010000	0.652280
	89.010000	0.641341
	90.010000	0.631112
	91.010000	0.621478
	92.010000	0.612541
	93.010000	0.604189
	94.010000	0.596482
	95.010000	0.589706
	96.010000	0.583554
	97.010000	0.578132
	98.010000	0.573432
	99.010000	0.569423
	100.010000	0.565966
	101.010000	0.563193
	102.010000	0.561130
	103.010000	0.559512
	104.010000	0.558389
	105.010000	0.557742
	106.010000	0.557598
	107.010000	0.557618
	108.010000	0.558087
	109.010000	0.558751
	110.010000	0.559597
	111.010000	0.560511
	112.010000	0.561618
	113.010000	0.562699
	114.010000	0.563792
	115.010000	0.564736
	116.010000	0.565686
	117.010000	0.566454
	118.010000	0.567284
	119.010000	0.567698
	120.010000	0.567877
	121.010000	0.567763
	122.010000	0.567489
	123.010000	0.567014
	124.010000	0.566191
	125.010000	0.565276
	126.010000	0.564199
	127.010000	0.563079
	128.010000	0.561836
	129.010000	0.560511
	130.010000	0.559148
	131.010000	0.557777
	132.010000	0.556352
	133.010000	0.555102
	134.010000	0.553901
	135.010000	0.552710
	136.010000	0.551815
	137.010000	0.550969
	138.010000	0.550266
	139.010000	0.549758
	140.010000	0.549403
	141.010000	0.549276
	142.010000	0.549267
	143.010000	0.549446
	144.010000	0.549768
	145.010000	0.550129
	146.010000	0.550617
	147.010000	0.551356
	148.010000	0.551854
	149.010000	0.552492
	150.010000	0.553179
	151.010000	0.553830
	152.010000	0.554396
	153.010000	0.555011
	154.010000	0.555447
	155.010000	0.555919
	156.010000	0.556202
	157.010000	0.556430
	158.010000	0.556622
	159.010000	0.556563
	160.010000	0.556489
	161.010000	0.556225
	162.010000	0.555916
	163.010000	0.555607
	164.010000	0.555184
	165.010000	0.554686
	166.010000	0.554214
	167.010000	0.553608
	168.010000	0.553019
	169.010000	0.552469
	170.010000	0.551958
	171.010000	0.551450
	172.010000	0.550992
	173.010000	0.550507
	174.010000	0.550123
	175.010000	0.549787
	176.010000	0.549579
	177.010000	0.549507
	178.010000	0.549280
	179.010000	0.549299
	180.010000	0.549387
	181.010000	0.549429
	182.010000	0.549576
	183.010000	0.549804
	184.010000	0.550028
	185.010000	0.550249
	186.010000	0.550656
	187.010000	0.550907
	188.010000	0.551154
	189.010000	0.551457
	190.010000	0.551760
	191.010000	0.552004
	192.010000	0.552140
	193.010000	0.552349
	194.010000	0.552394
	195.010000	0.552524
	196.010000	0.552453
	197.010000	0.552541
	198.010000	0.552485
	199.010000	0.552411
	200.010000	0.552345
	201.010000	0.552189
	202.010000	0.552036
	203.010000	0.551900
	204.010000	0.551695
	205.010000	0.551350
	206.010000	0.551099
	207.010000	0.550806
	208.010000	0.550500
	209.010000	0.550308
	210.010000	0.550051
	211.010000	0.549830
	212.010000	0.549690
	213.010000	0.549494
	214.010000	0.549315
	215.010000	0.549338
	216.010000	0.549231
	217.010000	0.549240
	218.010000	0.549169
	219.010000	0.549231
	220.010000	0.549240
	221.010000	0.549299
	222.010000	0.549361
	223.010000	0.549488
	224.010000	0.549439
	225.010000	0.549550
	226.010000	0.549595
	227.010000	0.549677
	228.010000	0.549794
	229.010000	0.549895
	230.010000	0.550015
	231.010000	0.550031
	232.010000	0.550162
	233.010000	0.550204
	234.010000	0.550253
	235.010000	0.550204
	236.010000	0.550243
	237.010000	0.550171
	238.010000	0.550158
	239.010000	0.550087
	240.010000	0.549986
	241.010000	0.549924
	242.010000	0.549810
	243.010000	0.549660
	244.010000	0.549592
	245.010000	0.549488
	246.010000	0.549449
	247.010000	0.549240
	248.010000	0.549146
	249.010000	0.548983
	250.010000	0.548869
	251.010000	0.548684
	252.010000	0.548603
	253.010000	0.548437
	254.010000	0.548280
	255.010000	0.548118
	256.010000	0.547968
	257.010000	0.547913
	258.010000	0.547688
	0.010000	2.778123
	1.010000	2.768756
	2.010000	2.760659
	3.010000	2.753674
	4.010000	2.747943
	5.010000	2.743650
	6.010000	2.740109
	7.010000	2.736796
	8.010000	2.733404
	9.010000	2.729466
	10.010000	2.724447
	11.010000	2.718215
	12.010000	2.710185
	13.010000	2.700265
	14.010000	2.688021
	15.010000	2.673613
	16.010000	2.657121
	17.010000	2.638407
	18.010000	2.617421
	19.010000	2.594423
	20.010000	2.569053
	21.010000	2.541698
	22.010000	2.512435
	23.010000	2.481555
	24.010000	2.449242
	25.010000	2.415446
	26.010000	2.380188
	27.010000	2.343866
	28.010000	2.306330
	29.010000	2.268038
	30.010000	2.228943
	31.010000	2.189259
	32.010000	2.149295
	33.010000	2.108970
	34.010000	2.068534
	35.010000	2.027883
	36.010000	1.987463
	37.010000	1.947199
	38.010000	1.907252
	39.010000	1.867773
	40.010000	1.828733
	41.010000	1.790041
	42.010000	1.751802
	43.010000	1.714136
	44.010000	1.677003
	45.010000	1.640479
	46.010000	1.604645
	47.010000	1.569589
	48.010000	1.534924
	49.010000	1.501186
	50.010000	1.468031
	51.010000	1.435790
	52.010000	1.404148
	53.010000	1.373173
	54.010000	1.343185
	55.010000	1.313571
	56.010000	1.284959
	57.010000	1.257027
	58.010000	1.229857
	59.010000	1.203413
	60.010000	1.177714
	61.010000	1.152487
	62.010000	1.127800
	63.010000	1.103589
	64.010000	1.080077
	65.010000	1.057102
	66.010000	1.034828
	67.010000	1.013217
	68.010000	0.992224
	69.010000	0.971739
	70.010000	0.951996
	71.010000	0.932885
	72.010000	0.914096
	73.010000	0.895782
	74.010000	0.877952
	75.010000	0.860586
	76.010000	0.843638
	77.010000	0.827053
	78.010000	0.811017
	79.010000	0.795427
	80.010000	0.780247
	81.010000	0.765660
	82.010000	0.751287
	83.010000	0.737198
	84.010000	0.723655
	85.010000	0.710392
	86.010000	0.697582
	87.010000	0.685123
	88.010000	0.672915
	89.010000	0.661422
	90.010000	0.650275
	91.010000	0.639717
	92.010000	0.630008
	93.010000	0.620772
	94.010000	0.612349
	95.010000	0.604606
	96.010000	0.597657
	97.010000	0.591457
	98.010000	0.586041
	99.010000	0.581341
	100.010000	0.577423
	101.010000	0.574288
	102.010000	0.571795
	103.010000	0.569875
	104.010000	0.568570
	105.010000	0.567825
	106.010000	0.567493
	107.010000	0.567496
	108.010000	0.567906
	109.010000	0.568502
	110.010000	0.569429
	111.010000	0.570448
	112.010000	0.571620
	113.010000	0.572860
	114.010000	0.573956
	115.010000	0.575109
	116.010000	0.576072
	117.010000	0.576873
	118.010000	0.577501
	119.010000	0.577852
	120.010000	0.578035
	121.010000	0.577956
	122.010000	0.577651
	123.010000	0.577097
	124.010000	0.576362
	125.010000	0.575395
	126.010000	0.574139
	127.010000	0.572970
	128.010000	0.571665
	129.010000	0.570243
	130.010000	0.568860
	131.010000	0.567395
	132.010000	0.565872
	133.010000	0.564453
	134.010000	0.563170
	135.010000	0.561777
	136.010000	0.560746
	137.010000	0.559704
	138.010000	0.558913
	139.010000	0.558363
	140.010000	0.557817
	141.010000	0.557546
	142.010000	0.557397
	143.010000	0.557306
	144.010000	0.557436
	145.010000	0.557641
	146.010000	0.558002
	147.010000	0.558321
	148.010000	0.558822
	149.010000	0.559242
	150.010000	0.559789
	151.010000	0.560303
	152.010000	0.560886
	153.010000	0.561478
	154.010000	0.562025
	155.010000	0.562454
	156.010000	0.562861
	157.010000	0.563297
	158.010000	0.563623
	159.010000	0.563786
	160.010000	0.563981
	161.010000	0.564017
	162.010000	0.563860
	163.010000	0.563766
	164.010000	0.563522
	165.010000	0.563112
	166.010000	0.562799
	167.010000	0.562383
	168.010000	0.561869
	169.010000	0.561345
	170.010000	0.560856
	171.010000	0.560316
	172.010000	0.559776
	173.010000	0.559473
	174.010000	0.558884
	175.010000	0.558529
	176.010000	0.558191
	177.010000	0.557914
	178.010000	0.557595
	179.010000	0.557498
	180.010000	0.557351
	181.010000	0.557328
	182.010000	0.557302
	183.010000	0.557384
	184.010000	0.557377
	185.010000	0.557589
	186.010000	0.557716
	187.010000	0.557817
	188.010000	0.558057
	189.010000	0.558191
	190.010000	0.558500
	191.010000	0.558676
	192.010000	0.558939
	193.010000	0.559180
	194.010000	0.559301
	195.010000	0.559457
	196.010000	0.559613
	197.010000	0.559603
	198.010000	0.559730
	199.010000	0.559675
	200.010000	0.559597
	201.010000	0.559555
	202.010000	0.559450
	203.010000	0.559434
	204.010000	0.559294
	205.010000	0.559079
	206.010000	0.559037
	207.010000	0.559004
	208.010000	0.558988
	209.010000	0.558816
	210.010000	0.558712
	211.010000	0.558614
	212.010000	0.558295
	213.010000	0.558132
	214.010000	0.557989
	215.010000	0.557748
	216.010000	0.557625
	217.010000	0.557517
	218.010000	0.557341
	219.010000	0.557315
	220.010000	0.557260
	221.010000	0.557237
	222.010000	0.557286
	223.010000	0.557208
	224.010000	0.557201
	225.010000	0.557182
	226.010000	0.557175
	227.010000	0.557123
	228.010000	0.557234
	229.010000	0.557257
	230.010000	0.557195
	231.010000	0.557325
	232.010000	0.557449
	233.010000	0.557491
	234.010000	0.557530
	235.010000	0.557625
	236.010000	0.557748
	237.010000	0.557800
	238.010000	0.557830
	239.010000	0.557856
	240.010000	0.557758
	241.010000	0.557745
	242.010000	0.557699
	243.010000	0.557618
	244.010000	0.557602
	245.010000	0.557491
	246.010000	0.557423
	247.010000	0.557400
	248.010000	0.557380
	249.010000	0.557335
	250.010000	0.557211
	251.010000	0.557035
	252.010000	0.557084
	253.010000	0.557055
	254.010000	0.556938
	255.010000	0.556804
	256.010000	0.556749
	257.010000	0.556570
	258.010000	0.556456
	259.010000	0.556378
	260.010000	0.556310
	261.010000	0.556300
	262.010000	0.556170
	263.010000	0.556179
	264.010000	0.556189
	265.010000	0.555997
	266.010000	0.556043
	267.010000	0.555965
	268.010000	0.555935
	269.010000	0.555939
	270.010000	0.555984
	271.010000	0.555916
	272.010000	0.555913
	273.010000	0.555896
	274.010000	0.555916
	275.010000	0.555968
	276.010000	0.556013
	277.010000	0.556030
	278.010000	0.555981
	279.010000	0.556036
	280.010000	0.556033
	281.010000	0.556026
	282.010000	0.556013
	283.010000	0.556098
	284.010000	0.556007
	285.010000	0.556020
	286.010000	0.556101
	287.010000	0.556004
	288.010000	0.555821
	289.010000	0.555971
	290.010000	0.555854
	291.010000	0.555795
	292.010000	0.555740
	293.010000	0.555600
	294.010000	0.555542
	295.010000	0.555545
	296.010000	0.555590
	297.010000	0.555574
	298.010000	0.555642
	299.010000	0.555568
	300.010000	0.555574
	301.010000	0.555509
	302.010000	0.555564
	303.010000	0.555568
	304.010000	0.555476
	305.010000	0.555463
	306.010000	0.555421
	307.010000	0.555470
	308.010000	0.555515
	309.010000	0.555522
	310.010000	0.555548
	311.010000	0.555434
	312.010000	0.555441
	313.010000	0.555476
	314.010000	0.555382
	315.010000	0.555346
	316.010000	0.555372
	317.010000	0.555314
	318.010000	0.555281
	319.010000	0.555210
	320.010000	0.555216
	321.010000	0.555161
	322.010000	0.555184
	323.010000	0.555086
	324.010000	0.555011
	325.010000	0.555021
	326.010000	0.554904
	327.010000	0.554712
	328.010000	0.554705
	329.010000	0.554546
	330.010000	0.554461
	331.010000	0.554393
	332.010000	0.554331
	333.010000	0.554171
	334.010000	0.554191
	335.010000	0.554080
	336.010000	0.554048
	337.010000	0.554093
	338.010000	0.554194
	339.010000	0.554259
	340.010000	0.554347
	341.010000	0.554533
	342.010000	0.554448
	343.010000	0.554507
	344.010000	0.554536
	345.010000	0.554643
	346.010000	0.554663
	347.010000	0.554799
	348.010000	0.554923
	349.010000	0.555112
	350.010000	0.555109
	351.010000	0.555180
	352.010000	0.555343
	353.010000	0.555395
	354.010000	0.555350
	355.010000	0.555330
	356.010000	0.555333
	357.010000	0.555330
	358.010000	0.555223
	359.010000	0.555265
	360.010000	0.555239
	361.010000	0.555284
	362.010000	0.555187
	363.010000	0.555174
	364.010000	0.555083
