	0.010000	1.232572
	1.010000	1.234612
	2.010000	1.236604
	3.010000	1.238498
	4.010000	1.240096
	5.010000	1.241714
	6.010000	1.243162
	7.010000	1.244545
	8.010000	1.245746
	9.010000	1.246863
	10.010000	1.247846
	11.010000	1.248724
	12.010000	1.249408
	13.010000	1.249867
	14.010000	1.250134
	15.010000	1.250257
	16.010000	1.249681
	17.010000	1.247273
	18.010000	1.242957
	19.010000	1.241411
	20.010000	1.248851
	21.010000	1.259058
	22.010000	1.259367
	23.010000	1.259605
	24.010000	1.259807
	25.010000	1.259917
	26.010000	1.260028
	27.010000	1.259960
	28.010000	1.259771
	29.010000	1.259696
	30.010000	1.259634
	31.010000	1.259497
	32.010000	1.259318
	33.010000	1.259113
	34.010000	1.258892
	35.010000	1.258700
	36.010000	1.258433
	37.010000	1.258163
	38.010000	1.257886
	39.010000	1.257623
	40.010000	1.257222
	41.010000	1.256796
	42.010000	1.256337
	43.010000	1.255865
	44.010000	1.255263
	45.010000	1.254781
	46.010000	1.254238
	47.010000	1.253828
	48.010000	1.253340
	49.010000	1.252929
	50.010000	1.252578
	51.010000	1.252187
	52.010000	1.251842
	53.010000	1.251517
	54.010000	1.251221
	55.010000	1.250899
	56.010000	1.250573
	57.010000	1.250423
	58.010000	1.250147
	59.010000	1.250088
	60.010000	1.249831
	61.010000	1.249753
	62.010000	1.249668
	63.010000	1.249532
	64.010000	1.249457
	65.010000	1.249454
	66.010000	1.249375
	67.010000	1.249502
	68.010000	1.249454
	69.010000	1.249301
	70.010000	1.249268
	71.010000	1.249128
	72.010000	1.249099
	73.010000	1.249050
	74.010000	1.249047
	75.010000	1.249001
	76.010000	1.248975
	77.010000	1.248939
	78.010000	1.248991
	79.010000	1.249030
	80.010000	1.249118
	81.010000	1.249216
	82.010000	1.249336
	83.010000	1.249122
	84.010000	1.248285
	85.010000	1.246287
	86.010000	1.242544
	87.010000	1.236887
	88.010000	1.229180
	89.010000	1.219364
	90.010000	1.207416
	91.010000	1.193444
	92.010000	1.177688
	93.010000	1.158482
	94.010000	1.136884
	95.010000	1.116907
	96.010000	1.095732
	97.010000	1.073454
	98.010000	1.050775
	99.010000	1.027534
	100.010000	1.004771
	101.010000	0.982961
	102.010000	0.962629
	103.010000	0.944052
	104.010000	0.927378
	105.010000	0.912511
	106.010000	0.899147
	107.010000	0.887726
	108.010000	0.877559
	109.010000	0.868732
	110.010000	0.861253
	111.010000	0.854844
	112.010000	0.849513
	113.010000	0.844162
	114.010000	0.836491
	115.010000	0.827391
	116.010000	0.826086
	117.010000	0.822171
	118.010000	0.820553
	119.010000	0.822887
	120.010000	0.820328
	121.010000	0.817224
	122.010000	0.813357
	123.010000	0.808628
	124.010000	0.803098
	125.010000	0.796416
	126.010000	0.788058
	127.010000	0.778884
	128.010000	0.768983
	129.010000	0.758418
	130.010000	0.747216
	131.010000	0.735788
	132.010000	0.723801
	133.010000	0.712049
	134.010000	0.700208
	135.010000	0.688254
	136.010000	0.676667
	137.010000	0.664977
	138.010000	0.653644
	139.010000	0.642679
	140.010000	0.632169
	141.010000	0.622025
	142.010000	0.612176
	143.010000	0.602627
	144.010000	0.593650
	145.010000	0.585198
	146.010000	0.577100
	147.010000	0.569358
	148.010000	0.562139
	149.010000	0.555369
	150.010000	0.548974
	151.010000	0.543018
	152.010000	0.537393
	153.010000	0.532222
	154.010000	0.527496
	155.010000	0.523099
	156.010000	0.519154
	157.010000	0.515392
	158.010000	0.512079
	159.010000	0.509062
	160.010000	0.506230
	161.010000	0.503926
	162.010000	0.501823
	163.010000	0.499799
	164.010000	0.498119
	165.010000	0.496726
	166.010000	0.495568
	167.010000	0.494569
	168.010000	0.493758
	169.010000	0.493156
	170.010000	0.492681
	171.010000	0.492297
	172.010000	0.492108
	173.010000	0.491971
	174.010000	0.492020
	175.010000	0.492163
	176.010000	0.492271
	177.010000	0.492538
	178.010000	0.493000
	179.010000	0.493530
	180.010000	0.494054
	181.010000	0.494614
	182.010000	0.495268
	183.010000	0.496245
	184.010000	0.497039
	185.010000	0.497931
	186.010000	0.498673
	187.010000	0.499551
	188.010000	0.500443
	189.010000	0.501280
	190.010000	0.502211
	191.010000	0.503076
	192.010000	0.503942
	193.010000	0.504837
	194.010000	0.505726
	195.010000	0.506396
	196.010000	0.507398
	197.010000	0.508248
	198.010000	0.509094
	199.010000	0.509885
	200.010000	0.510669
	201.010000	0.511473
	202.010000	0.512150
	203.010000	0.512902
	204.010000	0.513634
	205.010000	0.514305
	206.010000	0.514949
	207.010000	0.515616
	208.010000	0.516079
	209.010000	0.516632
	210.010000	0.517146
	211.010000	0.517579
	212.010000	0.517992
	213.010000	0.518376
	214.010000	0.518845
	215.010000	0.519135
	216.010000	0.519398
	217.010000	0.519734
	218.010000	0.519935
	219.010000	0.520137
	220.010000	0.520254
	221.010000	0.520339
	222.010000	0.520372
	223.010000	0.520362
	224.010000	0.520339
	225.010000	0.520232
	226.010000	0.520355
	227.010000	0.520352
	228.010000	0.520284
	229.010000	0.520206
	230.010000	0.520167
	231.010000	0.520023
	232.010000	0.519893
	233.010000	0.519838
	234.010000	0.519779
	235.010000	0.519691
	236.010000	0.519548
	237.010000	0.519457
	238.010000	0.519424
	239.010000	0.519363
	240.010000	0.519177
	241.010000	0.519066
	242.010000	0.519060
	243.010000	0.518992
	244.010000	0.518988
	245.010000	0.518894
	246.010000	0.518842
	247.010000	0.518842
	248.010000	0.518761
	249.010000	0.518689
	250.010000	0.518565
	251.010000	0.518533
	252.010000	0.518429
	253.010000	0.518324
	254.010000	0.518236
	255.010000	0.518175
	256.010000	0.517947
	257.010000	0.517719
	258.010000	0.517560
	259.010000	0.517446
	260.010000	0.517338
	261.010000	0.517211
	262.010000	0.517049
	263.010000	0.516896
	264.010000	0.516834
	265.010000	0.516603
	266.010000	0.516469
	267.010000	0.516180
	268.010000	0.516014
	269.010000	0.515792
	270.010000	0.515581
	271.010000	0.515402
	272.010000	0.515223
	273.010000	0.515106
	274.010000	0.514884
	275.010000	0.514572
	276.010000	0.512638
	277.010000	0.511356
	278.010000	0.513771
	279.010000	0.515955
	280.010000	0.515942
	281.010000	0.515822
	282.010000	0.515792
	283.010000	0.515756
	284.010000	0.515659
	285.010000	0.515538
	286.010000	0.515385
	287.010000	0.515174
	288.010000	0.514451
	289.010000	0.511519
	290.010000	0.515532
	291.010000	0.514953
	292.010000	0.511766
	293.010000	0.509582
	294.010000	0.506637
	295.010000	0.510051
	296.010000	0.509612
	297.010000	0.506757
	298.010000	0.512053
	299.010000	0.511483
	300.010000	0.511483
	301.010000	0.511060
	302.010000	0.510865
	303.010000	0.510731
	304.010000	0.510360
